  12.3 1186.2
  12.9  906.2
  13.1  922.9
  13.2  735.3
  13.6  143.2
  13.7  911.0
  13.8  874.5
  14.5  843.7
  15.7  850.9
  15.8  800.8
  15.8  896.0
  17.4  125.6
  18.3 1013.4
  18.5 1197.2
  19.3  931.4
  22.8  598.9
  24.3  103.4
  24.9  775.7
  25.5   46.5
  25.8  133.6
  26.2  998.8
  27.3 1426.9
  27.4  119.1
  27.6  117.5
  29.1  743.1
  32.0  541.6
  32.0   49.1
  32.4 1246.7
  34.1  136.6
  35.0 1298.1
  36.4  669.9
  36.5  120.1
  36.7  154.0
  36.8  617.7
  37.0  152.8
  37.9  138.5
  38.1  117.1
  38.3  124.4
  40.3  557.4
  40.8 1734.0
  41.0  617.0
  41.5  196.9
  43.5  605.3
  44.1  155.9
  44.4 1232.1
  44.8  147.1
  46.3  130.5
  48.3  619.7
  50.1  541.3
  50.5  166.4
  51.4  138.7
  52.5  744.2
  52.5  200.3
  52.7  568.7
  53.0   60.6
  53.1  159.3
  53.6  619.8
  54.2  254.1
  54.9  184.6
  55.5  610.1
  56.1 1600.7
  56.8  162.6
  57.0  744.0
  57.2 1300.1
  57.6  239.6
  57.8  236.8
  58.1  240.9
  58.2  242.6
  58.7  187.7
  60.2  169.7
  60.6  202.6
  61.4  181.8
  64.9   67.6
  66.3   83.0
  66.4  794.1
  66.9  371.4
  67.8  128.7
  68.2  184.8
  68.3 1300.7
  68.3  633.8
  68.4  681.6
  68.7  153.9
  70.1  449.8
  70.8  641.2
  71.9  158.2
  72.6  600.6
  73.0  188.2
  73.0  110.4
  74.9 1554.3
  75.4   90.2
  75.4  102.1
  76.3  348.4
  76.8 1479.6
  78.0  142.5
  78.9  565.3
  82.4  411.5
  82.6  455.0
  84.0 1552.9
  84.1  315.9
  88.7 1147.7
  89.3  334.7
  89.3  388.5
  89.9  614.4
  91.9  159.7
  92.0  655.7
  93.1  754.7
  94.6  647.1
  97.7 1176.2
  98.1 1182.5
 104.5  243.9
 105.1  233.4
 107.8   10.6
 108.0  315.5
 114.3  416.0
 116.7  314.4
 118.1  126.2
 119.7 1180.7
 119.8  169.7
 120.9  476.5
 125.0  342.4
 125.2  706.5
 128.8  163.7
 130.2 1446.8
 130.7  220.8
 134.2  339.7
 137.6  479.6
 143.9 1435.8
 157.1  139.9
 158.0  137.3
 163.6 1401.5
 165.3   40.9
 167.6  190.1
 167.8 1307.4
 174.3 1320.5
 175.2 1356.1
 177.3 1534.4
 187.7 1507.9
 189.4 1302.7
 189.6 1429.2
 189.6 1449.7
 190.2 1478.3
 190.3 1420.4
 192.1 1139.2
 194.6  337.6
 194.7 1337.0
 195.2 1433.5
 195.3 1348.3
 196.5 1220.6
 197.5 1351.9
 199.0 1354.6
 200.2 1450.0
 201.2 1243.6
 201.4 1185.6
 201.5 1330.4
 201.9 1185.7
 202.0 1173.2
 202.7 1162.9
 202.7 1200.3
 205.4 1303.9
 205.8 1123.0
 210.0 1330.9
 211.3 1086.9
 211.4 1336.3
 211.6  930.2
 211.6  930.2
 212.1 1114.0
 212.6 1392.1
 213.0 1325.6
 213.6 1103.5
 214.0 1344.5
 215.8 1175.5
 216.9 1165.2
 217.8 1435.9
 218.9 1266.5
 219.9 1344.0
 222.0 1221.4
 222.6 1114.5
 222.9 1104.3
 223.4 1104.2
 223.7 1218.5
 224.7 1217.3
 225.3 1204.3
 231.5  930.9
 231.7 1299.6
 232.3 1135.1
 233.3 1138.9
 237.0  799.9
 238.7 1202.9
 239.4 1106.0
 239.7 1104.6
 242.7 1035.7
 245.8 1018.0
 245.9 1331.5
 245.9  781.9
 248.3 1013.4
 249.1  833.0
 251.4 1262.4
 252.0  744.3
 252.0  956.8
 252.1  931.2
 253.5 1037.2
 253.6  794.5
 254.6  933.1
 255.6 1287.9
 255.9 1302.7
 256.5  790.1
 260.7 1234.1
 260.8 1124.4
 262.5  884.0
 263.1  857.3
 263.4  732.4
 263.7  752.2
 265.0 1104.9
 267.2  786.5
 268.7 1029.2
 269.9  745.1
 270.4  844.6
 272.3  531.2
 272.9  458.3
 273.1 1000.6
 275.8  776.1
 275.9  861.5
 277.2  794.4
 279.9  747.2
 280.5  839.6
 282.0  618.5
 282.2  632.8
 282.3 1141.8
 282.6  617.3
 284.4  873.5
 285.3 1297.0
 285.4  429.5
 290.3  611.2
 291.3 1141.4
 292.2 1186.9
 293.4  429.3
 296.1  339.7
 296.2  844.6
 300.1  449.1
 300.5  248.9
 300.5  248.9
 302.9  864.6
 304.6  924.3
 304.6  233.4
 305.8  975.9
 308.2  353.9
 309.7  343.8
 310.6  932.1
 312.1  836.6
 313.1  158.1
 314.0 1190.2
 317.0  238.1
 319.1 1844.0
 319.9 1042.9
 321.4 1099.6
 326.0  255.2
 326.2 1101.0
 326.5  170.0
 327.2 1187.9
 327.8  151.1
 330.3 1021.9
 331.4 1368.9
 333.4   72.0
 336.5 1101.7
 337.1 1091.7
 337.7 1090.9
 338.0 1083.6
 338.5   95.9
 340.7   79.6
 343.6 1425.2
 346.2 1592.8
 349.5  512.1
 352.4 1496.5
 353.7  458.6
 356.1 1297.6
 357.0   96.8
 358.0 1078.0
 367.6 1391.9
 368.3 1721.8
 369.9  464.4
 370.0 1428.5
 371.6  445.9
 372.3 1498.0
 378.3 1512.6
 378.5  442.0
 378.7  443.2
 385.3 1371.4
 397.8  218.0
 399.6  238.3
 407.9  419.5
 409.4  841.6
 410.4 1428.1
 410.8 1534.0
 411.4  877.9
 418.4  237.8
 421.8  235.2
 423.9 1647.2
 427.2 1314.4
 432.0 1327.8
 432.2  390.1
 432.8  443.7
 436.1  369.8
 437.1  847.8
 437.1  456.7
 437.2  456.4
 438.7  373.8
 438.9  334.1
 439.0 1698.0
 439.3  334.2
 441.4 1428.4
 444.0 1231.6
 446.2  872.2
 446.3 1336.0
 447.6 1484.0
 449.1 1523.5
 450.4  418.1
 450.9  327.8
 452.3  210.1
 452.5  210.1
 452.5  210.1
 453.4 1101.0
 455.3  843.6
 456.1  223.5
 457.1 1645.9
 462.2 1579.3
 468.0 1252.3
 473.8 1459.7
 481.0 1247.0
 486.3  772.0
 487.9  432.5
 488.1  768.0
 491.6  233.6
 493.7  225.1
 499.7 1101.7
 499.9 1247.7
 503.7  447.8
 503.8  457.0
 504.5  439.6
 505.1  441.9
 507.9  717.0
 508.6  221.1
 509.8 1465.7
 512.2  449.2
 512.4 1101.8
 513.9 1397.7
 515.8  722.8
 516.0 1661.5
 516.4  742.0
 522.5 1354.1
 524.0 1811.3
 524.2 1366.3
 524.5 1851.0
 530.6 1662.6
 530.7 1662.4
 540.8 1443.9
 542.0 1712.4
 543.6 1420.5
 544.1 1464.5
 546.4 1414.8
 546.6 1012.1
 546.7 1141.5
 547.5 1619.6
 551.4 1300.8
 556.1  575.1
 558.8  309.2
 559.0  496.6
 559.9 1175.9
 561.9 1054.5
 563.1 1005.9
 563.9 1438.6
 566.4 1114.8
 567.1 1412.2
 578.6 1375.3
 579.1 1138.8
 579.6  113.0
 579.8   33.3
 580.1   27.7
 580.9 1003.5
 582.7 1474.7
 598.0  987.4
 606.5 1192.9
 607.5 1730.4
 613.9 1212.9
 614.0 1416.7
 622.4  982.3
 640.7 1591.9
 641.2 1361.6
 641.8 1591.6
 642.0 1345.1
 661.6 1313.6
 669.4  793.1
 671.8 1116.2
 674.1 1002.1
 675.1 1497.7
 675.2 1093.7
 675.7  788.1
 681.8 1464.4
 681.9 1164.7
 689.6 1213.6
 696.4  749.8
 696.7 1491.5
 698.6 1320.1
 703.3  801.4
 706.3  916.1
 706.5  993.2
 708.6 1476.5
 708.7  914.4
 710.5  265.9
 712.9 1814.1
 715.1  909.5
 715.3  685.5
 715.7  928.0
 715.7 1364.9
 715.7 1365.0
 716.5  917.0
 721.1 1351.6
 722.0 1165.4
 722.2  863.3
 723.1  929.9
 724.0 1306.7
 726.8 1175.5
 727.4 1341.2
 728.1  578.7
 731.3 1231.7
 731.3 1080.1
 731.8 1361.9
 732.3  786.6
 735.1 1483.4
 735.7  799.5
 736.3  778.3
 736.7  470.2
 739.1  391.4
 740.8 1319.2
 742.2  865.2
 743.7  370.8
 745.3 1216.1
 745.9  482.8
 747.5 1118.1
 747.5 1685.7
 748.2 1479.9
 748.9   85.1
 749.5 1107.3
 750.2  269.9
 750.8  279.0
 750.8  279.0
 751.0  279.1
 753.3 1176.8
 753.6  341.8
 755.1 1714.0
 755.2  169.4
 757.1 1068.3
 758.2 1476.1
 758.7 1023.8
 759.6 1071.4
 760.5  148.6
 763.1   82.7
 763.5 1357.2
 764.2 1077.0
 764.4 1070.9
 765.8 1190.6
 766.7  160.2
 767.3 1178.4
 767.4  360.6
 769.5 1040.9
 770.1 1047.8
 773.4 1120.7
 773.6   77.8
 778.4 1199.3
 779.1  831.8
 780.1 1474.9
 781.7 1188.0
 782.6 1123.0
 784.8 1112.2
 795.1 1007.6
 795.4 1016.3
 796.6  776.5
 798.0  848.6
 800.3 1289.3
 800.9  726.8
 805.0  739.3
 808.2 1619.0
 808.9  840.3
 809.4 1713.4
 810.9 1027.3
 822.7 1353.6
 827.9 1016.7
 828.0  766.0
 829.5 1854.4
 836.8 1355.8
 838.1 1381.3
 839.3  839.9
 839.8 1404.7
 843.2  409.3
 843.6  307.7
 844.2 1334.1
 848.1 1363.1
 854.0  135.0
 860.4  239.4
 860.4  239.4
 860.6 1101.0
 861.6  818.3
 861.7 1184.0
 863.7 1474.3
 863.7  246.1
 867.3   59.7
 867.4 1097.2
 869.0 1380.0
 869.3 1330.8
 870.2 1180.7
 870.3 1180.8
 870.3 1191.3
 870.5   71.1
 870.5 1364.7
 873.3  618.3
 873.9   66.3
 875.1  221.8
 876.8 1655.2
 885.8 1462.0
 887.3  947.9
 892.1  427.5
 893.0 1328.0
 901.5 1475.6
 902.2 1137.6
 902.9 1470.7
 908.0 1139.6
 911.4 1318.0
 913.2 1475.0
 913.3 1439.0
 915.8 1261.6
 919.6 1138.8
 922.1  936.4
 926.4 1395.4
 929.1 1320.8
 932.1 1410.7
 932.7  870.9
 935.0  837.4
 936.1 1262.6
 936.9  837.3
 937.2  892.1
 938.0 1420.5
 940.9 1668.4
 941.2 1393.6
 941.9 1406.4
 943.0 1371.4
 944.8  876.9
 945.2  787.7
 948.6 1195.3
 949.6 1690.9
 951.9 1690.5
 954.2 1457.3
 954.2 1237.4
 954.9 1402.7
 955.2 1795.4
 955.3 1332.5
 955.4  883.8
 955.6  418.9
 955.6  418.9
 959.2 1395.3
 959.5 1203.8
 960.4 1795.4
 961.1 1216.2
 961.8 1127.8
 962.2 1228.1
 962.6 1002.3
 963.1 1436.7
 964.3 1115.5
 965.1 1344.7
 966.0 1338.0
 966.4 1108.0
 966.9 1324.9
 967.5 1775.9
 968.2 1036.0
 968.2  762.9
 968.3 1096.3
 969.2  743.7
 970.1 1030.2
 972.3  927.9
 972.5  937.7
 973.4 1236.3
 974.3  782.8
 974.9  745.1
 974.9  998.1
 975.0  973.3
 975.5  994.2
 976.3  730.5
 977.8 1003.2
 978.4 1012.3
 978.8  893.7
 979.0 1262.7
 979.8 1117.4
 980.4  832.8
 980.5 1258.6
 981.0  423.9
 981.1 1361.1
 982.6 1229.1
 982.7  520.0
 984.0  854.9
 984.4  511.5
 984.8 1263.0
 985.4  527.5
 986.1 1022.9
 986.6 1337.6
 986.8  745.0
 987.8 1040.7
 989.0 1262.4
 989.6  610.9
 990.7 1205.3
 991.1  980.6
 991.8  330.1
 992.2  787.5
 993.1  960.4
 993.4  338.2
 994.1 1118.7
 994.9  522.7
 996.0  836.1
 996.4 1358.9
 996.5 1118.6
 997.7 1257.6
 997.8  421.6
 998.4  740.7
 999.1 1118.2
 999.1 1338.6
1000.8  794.9
1002.7  142.1
1003.5  134.5
1003.9  875.4
1004.0  148.5
1004.4 1377.9
1004.8  870.3
1005.0  942.0
1005.7 1024.2
1006.0   44.1
1006.5 1024.2
1006.7  880.6
1008.0  789.2
1008.4  243.0
1009.0 1142.5
1010.7  854.8
1012.2 1290.0
1013.1  147.1
1013.4  879.9
1015.7 1452.5
1018.2   26.3
1019.3  918.9
1020.6  889.6
1022.6   56.7
1023.4 1594.0
1026.4 1294.3
1029.9 1106.3
1031.9 1337.2
1038.2 1356.5
1047.0 1069.0
1049.9 1300.4
1050.4  838.4
1063.1  768.2
1068.3 1477.2
1080.5 1650.0
1092.0 1021.5
1100.9 1784.1
1106.0  552.0
1107.8  544.4
1111.7  550.1
1115.6  539.6
1117.0  568.2
1118.8  575.8
1119.8  537.5
1120.0 1678.2
1122.2 1468.6
1124.9  867.1
1127.9  557.9
1130.2  567.0
1131.3  575.7
1135.8  545.3
1136.4 1404.2
1136.9 1442.3
1137.7 1487.9
1140.1  868.3
1142.4 1447.3
1148.6  527.4
1150.6 1441.2
1152.1 1405.1
1152.2  759.2
1153.8  913.1
1154.1  798.3
1155.3  835.4
1156.1 1782.6
1156.9  864.5
1157.6  948.7
1159.7  559.9
1159.8 1433.3
1159.9  553.1
1160.2  815.5
1161.4 1535.9
1161.5  882.2
1161.9  931.8
1163.4 1335.6
1163.5  837.3
1163.9  827.3
1164.7  826.8
1164.8  845.3
1165.4  820.1
1166.2  821.0
1167.1  821.9
1169.2  775.6
1169.8 1413.9
1170.6  883.5
1170.6 1367.4
1170.9  836.8
1171.9 1431.2
1172.9  709.7
1173.9  690.8
1174.6  697.3
1176.3  708.0
1177.6  540.7
1178.1  555.6
1178.4 1355.8
1178.8 1340.3
1178.8  540.3
1182.2  629.3
1182.7  716.4
1183.5  863.1
1184.8 1415.9
1188.7 1356.1
1188.8 1228.3
1188.8 1227.6
1188.8 1357.8
1189.2 1345.8
1190.5 1463.6
1190.9  716.3
1191.5  516.4
1192.8  560.9
1198.4 1432.8
1202.1 1459.9
1203.0  761.3
1203.4 1246.7
1203.6  746.2
1204.3 1357.4
1205.1 1251.8
1205.7  746.2
1205.9  710.5
1206.2 1248.1
1208.2  746.7
1208.3  539.6
1209.4  708.8
1210.6  704.0
1212.9 1226.7
1214.3  983.2
1217.0  600.0
1217.6  590.6
1217.8  594.3
1220.6 1343.2
1221.6 1337.2
1221.7 1440.2
1222.2 1221.8
1222.3 1342.3
1222.6 1357.2
1223.6 1428.5
1227.3  598.1
1228.2 1258.1
1228.7 1304.7
1231.9  774.6
1233.9  580.9
1235.2  655.2
1236.5 1748.5
1237.2  798.4
1238.6 1372.1
1239.6  706.0
1241.1 1225.0
1241.1  705.1
1241.7  704.8
1242.6  496.5
1244.5  796.9
1246.7 1763.8
1247.6  774.1
1247.8 1765.0
1248.1 1238.6
1249.5  694.3
1249.6  710.0
1249.7 1113.0
1251.1 1551.0
1251.3  774.0
1253.2 1459.1
1256.4 1256.3
1259.8 1475.5
1259.9 1170.3
1259.9 1125.6
1260.3 1163.3
1260.7 1138.4
1260.7 1154.6
1260.8 1143.0
1260.8 1143.0
1261.0 1134.3
1261.0 1134.3
1262.0  741.5
1262.4 1111.6
1264.6 1035.7
1264.6  478.6
1265.0 1321.1
1265.2 1221.0
1265.4  799.9
1265.5 1138.2
1266.2  988.2
1266.4 1227.2
1266.4 1186.1
1266.5  992.1
1266.7 1181.3
1268.2 1116.6
1268.2 1099.3
1268.8  904.7
1268.9  775.7
1269.0 1202.2
1269.1 1073.8
1269.4 1113.0
1269.8  779.0
1270.2 1041.5
1270.4 1078.4
1270.8 1057.2
1271.0 1070.1
1271.6  795.8
1272.0 1015.4
1272.3 1202.7
1272.3  978.9
1272.7  925.6
1272.8 1024.2
1272.9  765.0
1273.0  985.2
1273.1 1095.0
1273.6  936.4
1273.9  981.7
1274.0  964.2
1274.4  909.5
1275.0  803.0
1275.0  904.7
1275.0  995.9
1275.5  842.2
1275.8  901.1
1275.9  883.8
1276.0  921.0
1276.1  863.3
1276.1 1552.8
1276.7  868.1
1277.0  821.9
1277.1  798.1
1279.1  870.1
1280.2  808.0
1280.8  926.6
1281.4 1345.3
1281.4  947.7
1282.0  813.7
1282.2  813.9
1283.3  864.2
1285.1  873.8
1286.0  820.9
1286.2  910.3
1290.7 1168.3
1291.4  812.8
1292.9  815.8
1292.9  935.5
1295.7 1555.1
1295.8 1331.8
1297.4 1319.6
1297.7 1361.1
1299.2  801.5
1299.3  498.9
1303.6  422.1
1304.5  733.4
1305.8 1432.6
1306.6  702.1
1307.9  531.5
1311.6  827.3
1312.9 1461.3
1313.9 1319.4
1314.9  826.2
1315.6  801.1
1318.5  528.5
1320.0  528.2
1324.0  470.6
1328.7  190.1
1329.2  222.7
1331.5  193.7
1333.0  167.4
1334.2  157.9
1334.9 1553.0
1336.4  229.2
1341.3  418.5
1341.7 1397.5
1342.9  438.8
1343.3  493.9
1344.3 1196.6
1345.6 1428.4
1345.7  462.0
1346.2 1113.4
1346.5 1121.5
1346.8  471.2
1347.0  427.7
1348.0 1432.0
1348.4 1580.7
1350.7 1387.3
1351.1 1701.9
1351.6  387.5
1352.3  941.7
1352.6 1593.3
1355.6  290.0
1357.4  772.9
1358.3  488.2
1361.7  571.3
1363.8  502.7
1363.8  290.2
1367.4  285.8
1367.7  279.7
1368.9  729.1
1369.7  525.5
1372.2  501.9
1373.1  495.6
1373.8  519.4
1373.8 1380.7
1374.1  388.0
1376.2  244.9
1377.4   90.8
1377.7 1375.3
1378.4  393.6
1378.7 1408.4
1378.9  519.0
1379.4 1414.1
1380.3 1165.6
1380.4  681.9
1381.1  246.5
1381.1 1431.6
1381.5  515.1
1382.0 1664.1
1382.2 1118.0
1382.5  415.4
1383.7  515.9
1383.8 1336.9
1385.6 1516.9
1389.8 1343.3
1392.3  513.0
1397.7  229.4
1398.9 1155.8
1401.3  430.4
1401.9  797.2
1402.0  249.9
1405.2  727.1
1407.5  469.2
1407.7 1573.9
1408.5  260.0
1410.2  449.2
1410.4 1365.9
1410.7  471.0
1413.7  447.0
1415.2 1405.0
1417.3  278.9
1417.7 1100.3
1418.0 1095.6
1418.2  377.9
1419.5 1573.1
1419.9  370.2
1420.7  663.8
1421.0  516.3
1422.0 1419.6
1423.6 1338.6
1423.8 1561.9
1424.0  322.1
1424.3  474.6
1424.4  727.4
1425.7  354.3
1425.7 1562.8
1427.4  664.9
1428.3  470.1
1428.8 1073.9
1428.9  386.2
1429.2 1761.4
1429.7  340.6
1430.9  276.6
1432.2 1567.7
1432.2 1574.9
1432.4  663.4
1432.6 1567.3
1433.5  564.8
1435.0  400.4
1435.7  376.8
1437.8 1615.8
1439.3  191.0
1439.9 1246.1
1440.7  552.6
1441.4  202.2
1441.7  480.1
1441.8 1754.6
1442.1 1280.3
1442.7 1434.1
1443.1  451.4
1443.2 1400.9
1443.3  290.0
1443.9 1205.7
1443.9 1205.7
1444.0 1057.2
1444.4 1361.7
1445.6 1284.4
1445.7  488.9
1446.6 1653.8
1447.0 1397.1
1447.1 1176.0
1447.7  489.3
1447.9  494.7
1448.1  670.3
1448.7  466.9
1449.5  323.5
1450.1  559.1
1450.5  548.3
1450.9 1205.8
1452.4  760.0
1453.8  170.0
1455.5  207.3
1456.2  782.3
1457.8  287.5
1458.1  727.8
1458.3  909.9
1458.4  575.3
1458.5 1575.1
1459.1  180.1
1459.5 1465.2
1460.1  180.5
1460.4  658.6
1460.8  510.8
1461.5  757.4
1462.9  722.4
1464.4 1566.0
1464.4  658.5
1464.7  188.0
1466.5  635.2
1467.0  632.5
1468.7  176.3
1470.3 1488.8
1470.7  799.1
1471.1 1449.2
1473.1  485.5
1473.1  180.2
1474.0  302.1
1474.4 1570.4
1475.3  424.9
1477.7 1454.8
1478.5  324.2
1479.0  363.9
1479.8 1755.5
1479.8 1720.4
1479.9  387.8
1480.9 1489.8
1482.1  438.8
1482.3  723.4
1482.9  326.2
1485.1  321.4
1485.3  404.7
1485.6  733.9
1486.7  379.4
1491.0  362.5
1492.1 1575.2
1492.5  316.2
1493.0  321.4
1493.0  321.4
1493.8  437.7
1493.9  398.8
1494.9 1166.9
1497.2  319.8
1497.3 1481.9
1497.8 1438.9
1498.2 1240.7
1498.5  479.6
1499.2 1573.8
1499.5  722.0
1500.3  863.4
1500.6 1042.6
1500.7 1281.8
1500.9 1026.4
1501.0 1096.8
1501.2 1059.6
1501.4 1003.9
1502.1 1022.5
1502.6  966.5
1503.2 1323.6
1505.3  872.0
1505.3  872.7
1506.3  168.1
1506.4  914.3
1506.7  513.3
1507.1  398.8
1508.8  511.6
1509.5  395.6
1510.4 1104.2
1511.9 1571.8
1513.4  199.4
1514.5  159.5
1515.0  918.3
1515.1  510.4
1517.5 1421.8
1520.6 1575.7
1521.5 1098.1
1521.5 1113.0
1522.6  303.6
1522.8  194.4
1523.8 1199.2
1523.9 1073.6
1525.0  912.5
1526.6  177.5
1526.9 1174.6
1527.1  926.1
1527.5  197.4
1527.9  295.4
1528.4 1330.4
1529.1 1409.0
1532.3 1116.5
1533.0 1137.7
1533.6 1192.6
1534.1  720.0
1534.9 1203.4
1536.0  914.0
1537.4  301.9
1541.1  724.8
1541.6  488.1
1544.0 1766.1
1544.7  427.7
1548.1  552.3
1548.6  507.7
1548.8 1098.2
1549.0  719.8
1549.1  719.3
1549.4  219.6
1549.7  219.8
1551.8 1062.5
1556.3  506.6
1556.9  716.5
1556.9  502.1
1556.9  507.6
1557.1  486.0
1564.7 1186.5
1567.1 1168.9
1567.5  888.2
1567.9  278.9
1570.9  275.4
1571.4  907.5
1576.0  789.9
1576.0   87.0
1579.9  266.4
1581.1 1196.3
1583.4  846.9
1589.4  716.4
1595.3  732.0
1596.7  788.5
1597.2  717.4
1599.1  268.1
1600.4 1178.9
1601.0 1173.8
1601.8 1101.5
1604.2  267.8
1605.2  905.9
1606.5  229.6
1608.8  226.3
1610.7 1426.8
1613.2 1524.9
1621.9  196.1
1624.6 1646.1
1625.2  787.3
1625.9  803.6
1626.8 1523.8
1627.3 1479.2
1628.1 1829.5
1628.4 1462.6
1629.6  675.9
1629.9 1443.6
1631.0 1145.6
1631.2  457.7
1631.5 1201.6
1631.8 1104.2
1631.8 1127.0
1631.9 1059.0
1632.7 1009.9
1632.8 1412.6
1633.1 1014.3
1633.6 1459.7
1633.6 1457.0
1635.1 1473.4
1636.6  994.3
1637.1 1014.3
1639.5 1136.6
1639.7 1497.4
1639.8  555.5
1639.9 1368.7
1639.9 1580.6
1640.9 1471.1
1641.3 1489.7
1641.5 1374.2
1641.9 1309.4
1642.4 1315.5
1643.0 1384.0
1643.5 1418.5
1643.7 1426.1
1646.1 1336.6
1646.2 1441.1
1646.5 1453.7
1647.2 1415.8
1647.7 1491.3
1648.0 1485.4
1648.1  668.9
1650.1 1464.8
1650.7 1433.7
1651.1 1587.0
1652.0  461.5
1654.7 1508.0
1654.8 1508.9
1655.0 1508.9
1655.1 1389.2
1656.8  679.0
1657.9 1494.9
1659.1 1330.5
1659.4 1424.0
1659.8 1470.1
1660.9 1588.1
1661.1 1516.2
1661.1 1516.2
1662.1  688.1
1663.0 1835.1
1663.4 1431.3
1664.1 1331.5
1664.2 1504.5
1666.1 1588.1
1668.6 1346.1
1668.7 1472.9
1669.1 1512.5
1670.2  556.7
1671.1 1467.1
1671.1 1369.7
1672.1 1523.0
1672.5 1490.2
1672.8  646.9
1674.1 1433.3
1675.1 1455.0
1676.6  472.4
1677.5  723.1
1677.8 1541.2
1678.0 1412.8
1678.2  554.9
1679.8  647.1
1679.9  702.1
1680.7 1589.8
1680.7  568.6
1680.8 1443.9
1681.6 1470.8
1682.3  734.8
1685.2  567.7
1686.1 1358.3
1686.4 1336.0
1686.7 1445.0
1686.7 1445.3
1687.2 1420.8
1687.5  703.0
1688.0 1590.2
1689.0 1453.2
1689.1 1329.5
1689.7 1460.0
1690.6 1356.8
1691.0 1416.0
1691.1  676.3
1691.6 1500.4
1691.7  672.2
1692.5 1425.5
1692.8 1447.7
1692.9  695.3
1693.5  733.5
1693.7  471.2
1695.2  677.0
1695.3 1422.7
1696.2  441.9
1696.5  502.6
1698.2 1465.7
1698.2  694.7
1698.9 1530.4
1699.3  449.1
1699.3 1356.1
1699.6  480.7
1699.7  664.9
1700.8  682.2
1700.9 1486.0
1704.5 1427.2
1704.8 1430.6
1705.5 1414.2
1706.0 1493.1
1706.3 1484.4
1706.5 1354.4
1707.1 1392.2
1708.2  722.1
1708.8  751.4
1709.4 1334.8
1709.5  478.1
1709.6  517.2
1709.8  495.6
1710.4  693.4
1711.7  708.0
1712.4  714.3
1713.7  665.1
1713.9  751.2
1714.1  712.5
1714.2 1484.2
1714.6  554.5
1716.1 1353.6
1716.2  464.3
1716.9 1489.1
1717.2  673.0
1717.9 1425.6
1719.7 1519.0
1720.0  678.8
1720.9 1469.0
1721.7 1513.2
1722.2 1509.2
1722.2 1509.2
1722.2 1593.0
1722.7  553.1
1723.1 1200.8
1723.7 1592.9
1723.9 1592.0
1724.2 1586.8
1724.6  454.2
1725.9 1301.6
1726.1 1482.4
1726.4  504.1
1727.7 1464.1
1727.9 1276.3
1728.1  719.4
1729.4 1476.7
1730.1  676.3
1730.2  456.2
1730.3 1470.5
1732.3  506.6
1733.5 1336.4
1734.8  515.1
1735.2 1506.1
1739.3 1490.7
1739.7 1507.2
1739.8 1444.3
1740.6  539.1
1740.7  803.7
1742.5  814.2
1742.6 1400.9
1743.0 1116.3
1743.2 1588.6
1743.5  518.2
1743.9  916.5
1744.0 1010.5
1744.6 1127.1
1744.9 1446.8
1745.3  824.0
1745.4 1020.1
1745.6 1447.2
1746.0 1466.8
1746.4  462.7
1747.0 1472.1
1747.0  926.2
1747.3  867.3
1747.4 1478.2
1748.7  894.4
1752.2  640.7
1752.5 1181.8
1752.9  924.7
1753.3  757.3
1756.6  498.2
1759.6 1309.6
1759.7  822.8
1760.6  622.8
1760.7  822.8
1761.2 1127.0
1761.9  512.0
1762.1  484.7
1762.3 1020.4
1763.0 1020.8
1763.9  539.7
1764.4  925.3
1765.3 1198.0
1767.0  516.5
1767.2 1021.2
1767.7  866.6
1768.0  926.3
1768.1  486.2
1768.1  495.7
1769.8 1225.0
1770.6  569.2
1771.4 1409.2
1772.0  512.2
1772.5  504.0
1773.0 1358.0
1774.5 1341.8
1774.7  822.2
1775.1 1514.6
1776.1 1117.0
1776.7  498.2
1776.8 1127.3
1780.4 1202.7
1780.6 1202.7
1780.7 1236.4
1781.2  492.5
1785.6 1411.7
1786.3 1488.2
1787.7  530.8
1788.6 1494.1
1788.7 1356.2
1789.3 1127.4
1790.0 1532.0
1790.9 1415.4
1791.4 1397.6
1791.9  563.6
1792.6 1389.3
1793.1 1421.1
1793.6  517.3
1794.6  507.0
1795.4  511.7
1795.5  866.6
1795.9  513.6
1797.2  552.9
1799.4 1494.1
1799.8 1379.9
1800.5 1531.8
1802.0 1274.9
1803.2 1018.2
1804.2  526.7
1806.9 1532.0
1809.9 1629.1
1812.5 1539.9
1813.1  872.7
1814.9 1399.2
1815.2 1507.0
1815.8 1206.2
1816.5 1237.7
1818.3 1381.7
1819.7 1343.0
1820.4 1528.1
1824.9 1359.1
1832.0 1543.0
1832.7 1407.2
1835.0 1396.0
1836.1 1402.1
1839.3 1124.7
1840.1 1533.7
1841.7 1387.5
1842.4 1445.3
1845.6 1401.5
1845.8 1005.3
1846.2 1526.2
1846.3 1538.0
1850.6 1510.3
1850.6 1139.6
1851.7 1434.0
1852.6  974.1
1852.7 1010.2
1854.4 1382.6
1854.4 1540.5
1854.5  834.7
1859.1 1009.1
1866.4 1587.5
1868.6 1582.0
1869.7  864.5
1871.4 1404.6
1871.6 1588.8
1872.1 1006.5
1877.1 1704.8
1882.3 1140.7
1882.4 1206.7
1884.2 1135.4
1887.5  920.8
1890.7 1136.1
1892.0 1226.8
1892.2  920.4
1897.5 1136.0
1901.7 1622.8
1906.1  901.9
1908.3 1574.9
1909.2 1579.2
1915.8  773.5
1917.1 1418.1
1918.6 1527.6
1920.2  972.9
1920.3 1610.3
1920.4 1524.4
1921.0 1507.4
1921.2 1471.9
1921.7 1487.9
1922.3  657.1
1923.1 1539.3
1923.4 1457.3
1923.9  848.5
1924.2 1128.4
1924.4 1227.6
1924.4 1584.0
1925.0 1457.2
1925.4 1597.2
1926.6 1601.5
1928.9 1250.3
1929.3 1513.5
1930.4 1487.2
1930.6 1472.6
1930.8 1535.1
1931.1 1535.0
1931.7 1562.2
1931.9 1389.4
1931.9 1582.8
1932.6 1444.1
1934.2 1414.5
1934.7 1666.7
1935.5 1590.6
1935.7 1461.1
1935.9 1534.9
1936.6 1583.5
1937.3 1397.3
1939.8 1472.4
1940.7 1604.3
1941.0 1580.6
1941.2 1447.1
1941.4 1566.7
1942.0 1439.5
1942.0 1556.5
1942.2 1440.9
1942.4 1439.6
1942.5 1591.9
1942.7 1422.9
1943.0 1454.1
1945.6 1608.0
1945.9 1415.0
1948.5 1585.6
1948.6 1585.7
1949.5 1441.0
1949.6  855.4
1949.6 1391.6
1950.2 1467.2
1950.2 1440.3
1950.9 1242.8
1952.4 1561.9
1952.9 1452.4
1953.5 1419.7
1954.5 1311.8
1954.7 1457.7
1955.1  842.8
1955.4 1596.4
1955.9 1394.9
1956.8 1388.4
1957.1 1500.7
1961.0 1590.4
1963.5 1330.5
1963.6 1463.0
1966.2  941.1
1968.2 1454.0
1970.6 1577.8
1971.5 1473.4
1974.2 1419.7
1974.2 1311.8
1974.5 1464.7
1974.6 1419.4
1974.7 1456.9
1975.3 1594.7
1975.6 1446.2
1976.0 1449.8
1976.1 1443.9
1976.2 1420.0
1977.2 1341.3
1979.3 1200.9
1980.3 1466.7
1981.3 1117.6
1981.4 1411.6
1981.5 1446.9
1983.3 1055.8
1984.8 1221.6
1984.8 1061.1
1985.4 1599.1
1987.2 1448.7
1987.6 1442.6
1988.1 1055.2
1988.5  980.1
1988.9  951.0
1989.4 1059.0
1990.9  730.4
1991.2 1459.6
1992.0 1334.1
1993.5 1427.1
1994.0 1612.5
1994.3 1594.8
1995.0 1461.3
1995.8 1003.5
1996.7 1611.8
1997.4 1611.4
1998.1 1444.5
1999.0 1200.0
1999.0 1414.1
2000.0 1335.4
2001.5 1003.6
2003.1 1611.8
2003.7 1416.6
2003.9 1441.5
2003.9 1399.9
2003.9 1420.3
2005.2 1449.0
2005.6 1141.0
2006.2 1145.9
2008.0 1147.2
2008.1  684.8
2008.6 1619.7
2008.8  995.4
2009.5 1313.7
2009.7 1119.2
2009.9 1068.0
2010.7 1004.7
2011.5   22.3
2011.6 1458.0
2011.7 1614.8
2012.0 1598.2
2012.9  685.5
2013.4 1118.6
2014.1  777.4
2015.8 1824.2
2017.0 1419.5
2017.8  414.2
2018.2 1032.9
2018.9 1112.5
2019.0 1229.3
2019.3 1118.6
2020.0 1118.4
2020.4 1584.4
2021.7 1182.3
2022.4  423.5
2022.5 1581.6
2022.6 1043.9
2024.0 1004.9
2025.1 1117.8
2027.1 1467.1
2027.7  999.6
2027.8 1443.8
2028.0 1180.9
2028.1 1421.0
2028.2 1471.3
2028.4 1577.3
2028.7 1004.3
2029.8 1450.7
2030.0 1329.0
2031.8 1117.6
2033.4 1466.8
2033.7 1470.9
2035.7  635.7
2036.0 1424.1
2037.2 1584.5
2038.9 1578.2
2038.9 1417.7
2039.4 1145.4
2040.3 1465.3
2042.2 1665.1
2043.1 1654.7
2043.5 1574.1
2044.8 1412.0
2045.2 1182.9
2046.5 1579.0
2046.5 1586.8
2048.5 1622.5
2049.1  949.7
2050.0 1421.1
2050.2 1199.2
2051.5 1377.8
2051.9 1433.3
2052.2 1625.8
2053.2 1409.4
2053.3 1443.2
2053.5 1119.2
2053.7 1579.0
2054.8 1427.7
2054.9 1406.8
2055.6 1581.0
2057.1 1214.3
2059.1 1584.4
2059.4 1579.2
2059.5 1404.7
2059.6 1335.1
2059.9 1383.5
2060.2 1599.7
2060.6 1668.4
2062.8 1641.2
2062.9 1645.4
2063.7 1408.4
2064.5 1427.4
2064.5 1119.6
2066.1 1174.1
2066.4 1232.7
2067.0 1604.0
2068.0 1418.6
2069.1 1644.7
2070.2 1638.7
2070.3 1466.1
2070.5 1656.2
2071.1 1340.3
2071.4  961.0
2071.7 1624.0
2072.1 1107.5
2072.4 1593.9
2072.4 1641.9
2073.2 1586.8
2073.4 1633.8
2074.4 1614.9
2074.6 1471.1
2075.2 1619.2
2075.4 1580.5
2076.6 1250.6
2077.4 1574.5
2078.6 1425.2
2079.0 1592.2
2080.0 1599.2
2081.3 1605.8
2081.9 1195.8
2082.5 1447.5
2082.9 1231.8
2083.6 1425.7
2083.7  979.8
2084.3  991.3
2085.4 1092.8
2085.9 1339.2
2087.2 1421.2
2088.4 1424.6
2089.8 1127.6
2089.9 1586.4
2091.2 1730.2
2092.4 1417.7
2093.5 1421.6
2093.9 1365.0
2094.3 1337.6
2094.5 1360.1
2094.7 1441.1
2095.2 1453.2
2096.6 1199.5
2097.0 1408.6
2097.4 1120.1
2098.5 1003.6
2098.6 1450.2
2099.8 1156.2
2100.1 1320.4
2100.1 1334.9
2102.6 1005.1
2103.1 1426.9
2103.5 1119.5
2104.5 1190.6
2104.8 1335.8
2105.0 1425.6
2106.6 1769.1
2106.7 1341.6
2107.6 1422.2
2107.6 1115.5
2107.8 1084.1
2108.6 1156.2
2109.3 1600.3
2109.9 1188.2
2111.4 1615.2
2111.5 1725.0
2112.2 1661.3
2112.8 1681.5
2115.1 1426.1
2115.4 1466.4
2115.5 1054.9
2115.8 1004.3
2116.1 1414.2
2116.7 1178.9
2117.8 1719.2
2118.1 1433.0
2118.1  939.7
2120.3 1471.3
2120.5 1057.1
2120.7 1004.7
2120.8 1429.3
2124.4 1004.3
2125.1 1361.2
2125.6 1421.8
2126.0 1437.0
2126.6  965.0
2127.1 1423.7
2127.3 1662.2
2127.7 1098.1
2128.3 1771.7
2131.1 1115.1
2131.2 1004.2
2131.4 1437.0
2131.6 1451.6
2132.8 1047.0
2134.8 1223.3
2135.2 1099.8
2135.8 1179.8
2137.3 1451.0
2137.8  779.1
2138.4 1438.2
2138.4 1825.1
2140.4 1155.7
2140.7  969.2
2141.4 1434.0
2141.6 1464.7
2142.1 1414.5
2142.6 1396.2
2142.7 1120.8
2143.7  786.2
2143.7 1677.7
2143.8 1681.3
2144.0 1481.1
2145.3 1078.6
2146.5 1411.5
2146.9 1062.4
2147.5 1676.6
2148.0 1420.6
2148.6 1425.9
2149.2  788.3
2149.5 1431.5
2149.5  945.5
2150.1 1070.5
2151.4 1416.9
2152.2 1442.6
2152.4 1473.8
2152.5 1199.9
2152.9 1663.9
2153.3 1224.6
2153.6 1166.7
2153.9  787.6
2154.6 1011.8
2154.8 1486.4
2156.5 1454.4
2157.9  783.3
2158.5 1417.4
2158.6 1665.1
2158.6 1127.8
2160.0 1084.8
2161.4 1148.5
2161.6 1368.1
2163.0 1467.8
2163.2  910.1
2163.7 1162.9
2163.7 1410.5
2164.2  909.9
2164.6 1585.9
2164.7 1592.7
2164.8 1165.2
2165.7  908.2
2166.0  924.7
2166.3  673.6
2166.8  915.4
2166.9  780.2
2167.3 1416.7
2167.6 1340.6
2168.4 1233.2
2168.4  783.8
2168.5 1097.2
2168.6  919.1
2168.7 1592.8
2169.0  932.7
2169.4  937.7
2169.8 1458.0
2170.9  987.7
2171.1 1141.5
2171.2 1586.4
2171.2  998.2
2172.7 1221.3
2173.9  918.3
2175.4 1596.4
2175.4  952.9
2179.1  960.0
2179.8 1588.1
2180.4 1060.5
2181.8 1378.6
2182.3 1064.8
2182.5 1014.5
2183.0 1429.9
2183.1 1114.8
2183.3 1194.3
2183.7 1429.8
2183.9 1072.6
2184.1 1159.5
2184.1 1462.7
2184.2  978.8
2184.9 1389.9
2184.9 1571.1
2185.0 1080.7
2185.1 1394.9
2185.9 1438.8
2186.9  982.9
2187.7 1728.2
2187.7 1002.3
2187.9  786.1
2188.3 1216.6
2188.3 1118.9
2188.5 1375.1
2188.7  785.7
2188.8 1627.4
2189.5 1261.0
2190.3 1594.7
2190.6 1190.6
2190.6 1201.6
2191.2 1125.8
2191.7 1143.9
2192.1  965.3
2192.1 1179.3
2192.1 1171.2
2192.2 1381.4
2192.5 1683.2
2192.7 1179.7
2193.1 1085.7
2193.8 1211.6
2193.9 1604.0
2194.8 1422.8
2194.9 1405.2
2196.0 1078.4
2196.1 1073.7
2196.5 1160.4
2196.8 1335.1
2198.0 1594.7
2198.4 1252.1
2198.9 1442.4
2199.1 1503.0
2199.3 1524.7
2200.1 1033.0
2200.2  954.2
2201.0 1195.2
2201.0 1183.2
2201.1  812.6
2201.5 1604.5
2202.8 1711.6
2203.9 1420.2
2204.0 1234.6
2205.0  965.6
2205.7 1606.5
2206.1 1001.4
2206.3 1724.3
2208.2 1078.0
2209.1 1236.0
2209.7 1155.2
2210.0 1540.6
2210.4 1153.4
2210.8  967.1
2210.9 1572.0
2212.3 1265.9
2213.9  769.9
2214.4  960.1
2215.1 1112.5
2215.3 1186.1
2215.9 1522.6
2216.0 1028.9
2216.9 1106.8
2216.9 1736.3
2217.1 1737.4
2217.8 1591.0
2217.9 1161.5
2218.2 1597.2
2219.1 1338.1
2219.2 1120.0
2219.4 1638.1
2219.5  950.8
2221.2 1392.5
2222.5 1733.4
2222.7 1259.8
2222.9 1509.1
2223.3 1061.2
2223.7 1598.8
2223.9 1504.9
2224.6  954.1
2224.7 1197.2
2225.0 1175.3
2225.1  932.4
2225.3 1717.9
2225.5 1338.4
2227.0 1263.1
2227.4 1585.2
2228.3 1503.7
2229.3 1120.0
2230.2 1531.3
2230.5 1338.8
2231.5 1521.2
2231.7 1368.3
2231.9 1713.4
2232.0 1163.3
2232.4 1328.2
2232.7 1499.8
2235.2 1345.8
2236.1 1531.6
2236.3  784.8
2236.6  784.8
2237.0 1200.1
2237.7  846.2
2238.0 1182.3
2238.3 1172.4
2239.5 1334.9
2239.5 1118.6
2240.4 1690.8
2240.6 1686.1
2241.2 1500.4
2241.7  933.7
2244.7 1178.3
2245.0 1120.3
2246.0 1541.9
2246.2 1195.6
2246.5  784.0
2247.5 1010.4
2248.3 1341.8
2248.3 1699.2
2248.9 1537.2
2249.5 1000.2
2249.5 1078.1
2250.4 1393.9
2252.3 1298.1
2252.5 1170.3
2252.6  773.1
2252.8 1004.8
2253.2 1009.1
2253.2 1215.1
2253.4  942.4
2253.7 1009.0
2254.6 1230.4
2255.4 1047.8
2255.5  963.1
2256.3 1056.5
2256.3 1008.8
2256.7 1122.3
2257.7 1155.1
2257.9 1206.6
2258.6 1062.6
2259.0  999.9
2259.0  925.8
2259.2 1227.8
2259.5  968.2
2259.6  925.5
2259.6 1023.4
2260.0 1222.3
2260.1 1213.0
2260.1  917.5
2261.3 1156.2
2262.0  765.8
2262.2  978.0
2262.8  782.2
2262.9  836.1
2263.7  992.6
2265.2 1118.4
2265.4 1390.9
2266.4 1233.3
2267.0 1121.9
2267.9 1203.9
2268.4 1614.0
2268.7 1475.6
2269.3  925.8
2269.3  943.7
2269.4 1414.3
2270.0 1116.5
2271.3 1093.2
2272.2 1120.2
2273.2  926.2
2274.5 1225.6
2274.8 1562.2
2275.4 1236.5
2276.4 1200.3
2276.9 1090.5
2277.4 1008.1
2279.0 1620.0
2279.9 1413.5
2280.7 1343.0
2282.0 1483.2
2282.4 1047.0
2283.7 1114.6
2285.0 1078.7
2285.2 1173.7
2285.8 1620.9
2286.7 1226.7
2287.2 1624.1
2287.6 1044.5
2288.6 1098.7
2288.8 1094.8
2289.3 1261.9
2289.6 1008.4
2290.7 1008.4
2291.0 1171.1
2291.1 1078.9
2291.6 1075.4
2291.7  150.5
2291.7 1054.6
2292.1 1223.3
2292.1 1105.2
2293.4  916.6
2293.5  782.5
2293.6 1099.1
2293.9 1151.9
2294.3 1167.4
2294.8  782.6
2295.2 1694.5
2296.6  756.1
2296.9  756.0
2297.6 1230.8
2298.6 1050.7
2299.1  247.8
2299.2 1640.0
2299.3 1095.7
2299.6 1236.2
2299.7 1404.4
2300.0 1530.8
2300.2 1729.5
2300.5 1061.4
2300.9 1587.9
2301.1 1031.4
2301.6 1091.3
2301.8 1535.9
2301.8 1035.7
2301.9 1703.4
2302.4 1024.3
2302.8  966.4
2302.8 1380.0
2303.7  849.2
2303.7 1535.4
2304.5 1045.6
2304.8 1692.0
2305.4  920.6
2305.6 1060.0
2305.9 1090.0
2306.1 1007.4
2306.1 1621.1
2306.3  908.7
2306.4 1721.9
2306.9  944.8
2306.9 1704.1
2307.2  932.1
2307.5 1100.4
2307.6  976.7
2307.9 1342.9
2308.7 1418.5
2308.7 1378.5
2309.3 1698.4
2309.8 1337.1
2310.3 1191.2
2311.0 1614.0
2311.5 1121.1
2311.6 1590.1
2311.8  994.0
2313.0 1623.7
2313.3  754.7
2313.5 1152.2
2314.2 1338.3
2314.4 1197.6
2314.9 1058.4
2315.5 1102.1
2315.8 1119.1
2316.0 1621.4
2316.0  498.5
2316.1  930.9
2316.2 1606.6
2316.3 1660.9
2316.9 1215.2
2316.9 1057.4
2317.2 1170.1
2317.6  931.0
2318.9 1341.5
2319.6 1107.5
2319.6 1193.0
2319.7 1651.8
2322.3 1072.6
2323.2 1646.8
2323.3  962.2
2323.8 1655.4
2323.8 1036.2
2323.9 1767.9
2324.4 1097.8
2324.7 1118.6
2324.7 1119.1
2324.8 1727.8
2324.9 1222.7
2327.7 1336.5
2328.0 1335.0
2328.0 1229.7
2328.2 1142.0
2328.8  960.7
2329.2  954.6
2329.7 1769.2
2329.9 1151.9
2330.1 1152.1
2331.3 1602.8
2331.4 1723.8
2331.7  779.6
2331.7 1226.3
2331.9  786.3
2333.3 1061.0
2333.4 1230.8
2333.8 1230.9
2334.5 1056.7
2336.8  992.4
2336.9 1075.7
2337.3 1344.3
2338.7 1001.1
2339.8 1091.0
2340.9 1780.0
2341.7 1235.7
2342.2 1179.6
2342.2  778.5
2342.3 1055.4
2342.5  970.9
2343.2 1121.1
2345.0 1130.5
2345.0 1226.8
2345.1 1064.1
2345.2 1073.7
2347.1 1213.7
2348.0 1145.4
2348.6 1597.2
2348.7 1100.4
2348.9  994.9
2349.2 1089.0
2349.5 1379.2
2349.5 1230.8
2350.5  984.8
2351.4 1568.5
2352.9 1333.3
2353.4 1112.9
2354.4 1178.8
2354.5  979.2
2356.2  938.9
2356.2 1128.7
2358.5 1212.1
2358.5 1336.4
2358.9 1798.2
2360.2 1128.4
2361.3 1452.6
2363.0 1226.0
2363.2 1785.5
2364.5 1798.6
2365.9 1165.6
2366.3 1118.8
2366.4 1621.1
2366.7  933.5
2366.9 1227.8
2367.2 1784.1
2367.2 1791.0
2369.5  958.9
2369.7 1215.5
2370.6 1349.4
2370.7 1205.0
2371.2 1411.8
2371.3  940.4
2371.4 1758.2
2371.9 1786.1
2372.4  738.5
2373.2 1066.9
2373.6 1166.6
2374.9  875.6
2375.3 1332.2
2375.3 1122.5
2375.5 1150.5
2375.7 1572.9
2376.3 1218.6
2376.3  797.2
2376.9 1757.2
2377.5 1575.9
2377.5 1105.5
2377.5 1776.3
2378.4 1042.9
2378.7 1791.0
2378.9 1772.7
2379.0 1787.0
2380.4 1782.5
2381.2  798.7
2381.5 1602.1
2381.9 1578.4
2384.3  794.7
2384.7 1791.0
2384.8 1573.3
2385.4 1195.3
2387.8 1781.7
2388.9 1786.7
2389.3 1786.3
2390.2 1791.1
2393.8 1786.3
2394.1 1581.8
2395.3 1456.4
2397.3 1790.5
2400.4 1783.6
2400.5 1572.6
2401.1 1574.0
2405.8 1750.0
2406.5 1774.3
2407.0 1635.7
2407.4 1587.3
2407.4 1788.1
2411.8 1759.6
2412.1 1787.3
2413.5 1349.2
2415.4 1789.6
2417.8 1758.1
2417.8 1750.3
2418.1 1758.6
2421.5 1395.9
2423.0 1330.9
2424.1 1318.2
2424.4 1638.0
2430.0 1432.3
2433.5 1596.8
2434.8 1408.9
2435.1 1107.9
2435.2 1668.8
2438.2 1579.2
2443.9 1599.7
2444.2 1619.0
2447.2 1668.0
2447.2 1604.9
2447.9 1609.4
2451.0 1754.9
2452.3 1589.3
2453.3 1423.8
2454.2 1416.8
2455.3 1727.9
2456.9 1624.1
2457.7 1576.3
2459.6 1247.9
2460.1  782.8
2460.2 1573.8
2460.7 1618.9
2461.7 1567.1
2461.7 1312.4
2465.7 1305.6
2465.8 1642.8
2467.8 1663.1
2469.5 1606.2
2469.6 1519.2
2473.3 1598.8
2474.2 1299.3
2475.5 1670.1
2477.2 1282.5
2477.4 1611.2
2478.3  977.4
2483.9 1125.6
2487.3 1265.1
2491.0 1789.3
2501.5 1789.9
2502.5 1291.5
2510.9 1796.3
2513.1 1316.6
2520.1 1210.8
2530.5 1258.7
2532.8  955.7
2533.6 1633.5
2554.1  818.1
2554.9 1015.4
2555.2 1171.1
2572.9 1407.0
2583.0 1308.2
2594.2 1316.2
2604.6 1163.5
2632.3  981.0
2633.7 1739.4
2639.0 1741.0
2640.3 1314.6
2640.6 1127.7
2646.4 1760.6
2647.8 1194.0
2649.4 1308.3
2650.0 1737.3
2671.6 1778.2
2688.9 1233.8
2693.3  536.9
2695.3  622.1
2698.7 1477.4
2706.3  748.0
2707.1  544.8
2730.7  568.6
2733.6 1282.3
2739.1 1295.6
2739.1 1295.6
2746.3 1556.9
2746.5  700.5
2748.0  639.9
2749.4 1295.5
2755.7 1586.0
2758.0 1671.8
2759.3  670.8
2760.4 1740.2
2764.8  788.2
2770.3  573.1
2772.9  561.2
2791.3  824.9
2795.0 1266.6
2796.0 1076.9
2797.4 1185.1
2801.2  708.2
2801.4  551.0