  71.7 1824.5
   5.0 1690.1
   5.0 1690.1
  14.9  954.9
 459.3  302.3
2791.6  970.2
  14.0  967.7
  14.0 1088.9
2488.2    9.2
  15.2 1104.0
  16.2 1195.6
 459.6  285.8
   5.0 1690.1
  15.2 1104.0
 206.2  523.9
 496.4  661.0
 465.0  267.3
 501.0  793.0
 363.5  186.9
 468.3  291.1
2551.8 1115.9
 479.7 1350.7
 469.4  280.5
 469.0  278.3
 501.0  793.0
 502.9  612.9
 470.8  221.5
1726.4  476.0
 476.7  293.6
 482.1 1245.0
 504.4  732.3
  50.3 1053.8
 479.2  307.7
2771.5  711.2
 479.2  306.4
 477.8  294.5
 478.3  277.4
 479.0  282.6
 518.3  700.2
2788.6  344.2
1865.8  902.5
 487.3  341.7
 506.2  678.9
 484.2  307.7
 499.0 1192.8
 484.0  300.8
 451.8  300.1
 536.7  455.9
 517.7  701.2
 489.7  315.0
 489.6  292.7
2797.9  921.5
 496.7  343.0
2771.5  711.2
 368.1  187.0
 349.4  264.4
 511.7  689.9
 501.1  387.4
 498.2  329.1
2386.8 1805.9
1762.1 1358.1
  96.8  442.6
2769.5  686.2
 494.6 1245.6
 504.1  374.6
 503.6  372.5
 504.2  377.1
 504.2  377.1
 501.5  331.2
 500.5  316.1
 503.9  344.7
 503.2  325.8
 460.3  217.8
 501.5  243.1
1222.0  539.9
1865.8  902.5
 504.2  280.3
 508.8  327.7
 501.2 1246.9
 518.3  700.2
 536.7  455.9
 504.3  302.5
1293.3 1245.4
 523.3  482.2
2092.1 1658.1
 519.8  672.0
 512.8  329.4
 508.5  265.2
1151.3  905.7
 508.7  248.2
 510.3  258.7
2798.1  913.3
1641.6  687.4
 513.0  290.9
2771.5  711.2
 536.7  455.9
 523.4  551.0
1229.7 1535.1
2797.9  921.5
 519.6 1122.2
2791.5 1003.0
1671.4  387.2
2792.3 1070.1
 524.8  301.2
 177.8  698.2
 526.2  797.1
 536.7  455.9
 526.6 1145.1
 527.0 1150.0
 523.4  551.0
 501.0  793.0
 514.7  680.9
 533.2  431.0
1235.2 1063.7
 536.7  455.9
 530.0  274.0
 543.5 1148.0
 513.2  747.9
 232.3   56.9
2771.5  711.2
 547.3  754.8
1550.6 1808.1
 533.0 1367.3
 517.7  701.2
 702.1 1069.8
 545.3  563.1
 541.0 1359.7
 431.6  382.1
2771.5  711.2
 547.1 1330.0
2237.6 1326.3
1397.8 1497.0
 551.3 1252.1
 555.5 1260.3
 551.3 1292.9
 428.8 1434.1
 479.5 1414.7
 562.8 1247.1
 567.8 1352.9
 568.2 1369.7
 539.2 1392.4
 567.8 1346.4
 567.7 1112.5
 573.4  438.8
 568.0 1276.4
 572.5 1355.1
2751.7  637.9
 573.4 1179.7
 570.8 1289.8
 571.9 1292.3
 578.2 1370.3
 580.3 1198.6
 581.4 1150.2
 574.5 1270.7
 581.4 1150.2
 580.0 1140.9
 580.9 1132.0
 581.4 1161.5
1743.3  347.3
 580.6 1097.7
 582.1 1271.1
1104.1  959.1
 583.6 1276.1
 581.1  936.8
1613.2  542.3
 584.6 1090.1
 584.7 1319.1
 584.7 1266.8
 585.3 1081.3
 585.7 1282.3
 590.1 1141.8
 590.4 1133.0
 594.2 1358.2
 591.4 1217.5
 591.2 1281.9
 598.4 1179.8
 593.5 1090.4
 593.7 1081.5
 593.7 1081.5
 599.9 1177.7
 600.5 1176.7
 599.1 1164.0
 592.3  935.8
 600.9 1245.4
 602.2 1107.8
 603.9 1110.0
1107.1  766.6
 612.8 1164.1
 607.8 1083.0
 608.9 1081.5
1129.8 1046.6
 608.8 1009.7
 615.3 1271.7
 599.3  809.6
 611.1 1004.4
 591.5  852.2
 618.6 1214.9
 609.1  777.4
 610.7  958.2
 610.6  935.1
 617.7 1023.8
 606.0  819.2
 614.0  936.7
 623.4 1235.0
 623.9 1246.7
 881.3  751.1
 625.4 1190.7
 628.2 1097.5
 616.4  894.9
 609.0  871.8
 617.0  765.5
 620.5  783.0
 629.1 1080.7
 620.2  811.5
 628.8 1016.1
 625.0  776.2
 613.1  860.6
 625.5  437.3
 616.2  531.7
 630.4  994.2
 625.5  801.8
 621.5  874.5
 628.3  818.3
 634.3  777.1
 622.4  855.4
1136.1  585.2
 632.3  678.1
 644.3 1111.3
1136.6  583.6
 629.3  884.3
1735.8 1233.9
 624.6  506.1
1147.3  209.3
 644.3 1111.3
 644.6 1150.0
 630.6  504.6
 634.8  269.3
 627.1  859.1
 638.4  520.2
 626.8  350.2
 628.4  349.6
 640.0  876.8
 646.6  925.9
 630.2  335.5
 651.6  970.0
 640.5  438.2
 641.6  429.8
 638.8  933.5
1175.1  794.5
 634.8  269.3
 657.7 1151.7
 646.1  183.2
  86.2  547.1
 652.5 1025.6
 658.6 1074.5
 651.4  350.6
 662.3 1075.6
 646.7  277.3
2514.7  423.7
 647.2  264.7
 225.2 1122.8
 555.2  164.0
1141.6   35.0
 670.9 1075.3
 671.6 1065.6
 671.8 1066.6
 671.3 1060.5
 653.1  211.8
 654.9  195.6
2385.7  748.2
1742.0 1383.8
 675.5  564.0
 620.9 1409.5
 670.3  523.7
 656.1 1241.1
 668.1  204.2
 128.5  466.9
 660.7 1321.3
 271.9 1419.9
 681.9  525.1
 661.8 1352.7
 680.0  509.0
 632.3 1411.3
2769.5  686.2
 685.2  505.1
 685.2  505.1
 668.9 1303.0
 691.4  307.6
 693.1  319.5
 705.9  480.7
2779.2  568.8
 685.0 1353.1
  23.0 1114.2
 399.9 1052.0
 708.7  318.0
 708.7  318.0
  92.1 1624.4
 693.6 1254.5
 697.4 1265.7
 728.7  420.8
 716.4  500.1
 731.5  434.9
 231.7 1117.8
 721.3  510.1
 721.3  510.1
 734.9  438.3
 731.5  434.9
 313.8 1564.2
 731.5  434.9
 702.5 1352.4
 717.6 1182.7
1937.3  724.3
 706.7 1274.8
 702.3 1400.5
 339.4 1348.6
 617.7 1023.8
 727.1  395.5
 722.8  293.0
 722.8  293.0
 722.8  293.0
 721.2 1070.6
 707.6  847.2
 727.0  303.9
 415.1 1525.8
 543.6 1475.7
 730.9 1201.4
 535.1  568.9
 739.5 1196.4
 738.3  782.1
 747.3  483.5
 738.7  778.2
 748.8  304.9
 747.9  299.9
 748.7 1069.4
 749.0 1196.8
 758.6  495.1
 759.6  503.9
 758.3  487.9
 758.9  489.2
 753.0  732.1
 685.0  493.7
2195.9 1447.2
 766.0  496.5
 209.9 1578.3
 744.0 1326.8
 761.4  736.0
1017.7 1452.8
 763.7  750.9
 330.0  576.2
 399.5  300.3
 750.8 1298.6
 108.0 1680.6
 438.8 1541.3
 439.6 1541.1
 759.5 1366.9
 357.5 1580.5
 761.0 1346.8
 762.5 1384.6
 763.2 1343.0
 787.7  969.7
 768.0 1102.4
2319.4 1514.2
 766.5 1241.8
 783.4  602.2
 779.3  364.9
 785.1  530.6
 783.1 1130.6
 788.2 1026.1
 783.4  982.3
 774.2 1362.2
 787.7 1077.9
 775.5 1340.5
 783.0 1307.3
 794.8 1098.8
1253.0 1164.3
 787.0  119.4
 786.7  114.1
 794.3  980.1
 786.5 1396.4
 803.6  966.3
 812.5 1146.1
 942.7 1665.8
 815.6 1163.7
 803.4 1343.6
 820.0  956.9
 651.4 1490.6
 819.0 1294.5
 651.4 1490.6
 820.6 1280.9
 834.5 1252.3
 826.6  785.9
 851.0 1075.1
 854.0  972.7
 841.5 1416.0
 853.0 1054.8
 764.2 1514.3
 845.3 1384.3
 858.2 1119.2
1233.6 1570.0
 857.8  743.2
 862.8 1410.9
2497.6 1598.9
 850.3  794.0
 867.4  893.9
 869.7  963.5
 872.3 1396.7
 869.2  892.2
 874.8  302.2
 679.3 1570.4
 556.3   72.9
 883.7  684.6
 877.5  904.2
 879.2 1298.6
 879.9 1297.9
 878.3  894.1
 888.1 1285.7
2077.4 1563.8
 943.7  845.1
 885.9  906.0
 889.0 1245.2
 903.0 1127.6
 894.9 1276.6
 892.1  585.8
 951.7 1178.9
 903.3 1041.3
 899.4 1295.8
 866.7  774.7
 909.1 1404.2
1315.0  714.2
 888.6  765.3
 894.9  485.8
 892.7  413.6
 903.5 1256.2
 943.7  845.1
 897.6  393.5
 925.6 1164.0
 903.1  495.4
 924.1 1076.8
2053.7  887.7
 924.9 1402.2
 893.1  130.9
 928.1 1065.0
 900.0  299.7
 899.5  308.1
1124.0  498.2
 899.5  308.1
 935.2 1127.8
 904.6  362.2
2771.5  711.2
2328.9  247.2
2152.2 1051.5
 936.9 1398.8
 935.0  988.8
 937.6 1032.1
 901.6  187.0
 903.3  126.0
 938.5 1291.5
 943.2 1037.4
 942.9 1031.3
 952.4 1140.2
 908.7  195.7
 929.0 1127.6
 923.6  378.3
 946.8 1003.2
 948.4 1009.7
 959.1 1076.5
 914.7  118.4
 969.4 1147.1
 938.0  812.5
 963.9 1398.6
 971.0 1137.9
 969.4 1078.5
 956.8 1068.2
 975.9  971.3
 944.9  978.2
 959.6  758.3
 959.1  825.7
 971.2 1227.2
 948.5  699.9
 977.8  721.7
1459.1   98.5
 970.8  817.1
 273.3 1718.4
2730.5  158.4
1004.3 1289.3
1013.1  978.1
1019.3  747.2
  13.0  919.8
1012.9 1290.8
1014.1 1312.9
 327.4  223.7
1016.6 1334.2
1005.9  412.9
 983.8  314.7
1017.1 1268.7
1021.3 1297.1
1020.3  154.1
1464.9  377.8
1545.5   83.8
1037.9 1055.1
1006.7  792.5
1041.1 1132.4
1033.4 1399.7
1034.4  432.5
1029.7   80.4
1043.2 1051.1
1035.2 1312.8
1035.3 1267.1
1047.0 1128.9
1047.0 1128.9
1047.2 1139.1
1034.2   90.3
1035.6 1297.7
1047.7  605.1
1035.8   85.5
1024.5  231.7
1257.9 1482.3
1048.1 1388.7
1053.5  911.4
1058.6  422.6
1051.1 1264.0
1058.7 1401.7
1070.8 1085.0
1059.7 1396.7
1072.5 1089.3
1063.0 1255.0
1068.0 1401.4
1066.6 1366.8
1079.7 1202.9
1080.0 1088.1
1047.6  898.9
1073.9 1325.7
1075.3 1257.8
1078.6 1341.2
1074.9  837.1
1073.9  804.2
1093.4 1203.2
1074.6  803.9
1086.8  855.6
1080.9 1351.2
 824.9 1729.4
1084.8 1326.5
1084.7 1336.3
1081.7 1307.8
1088.7  840.3
1093.1  755.5
1101.7 1140.4
 692.0 1581.2
 694.2 1581.0
1094.3 1385.1
1104.5 1179.4
1093.6 1334.0
 495.8 1664.2
1087.2 1268.3
1093.7  846.1
 410.2  364.9
1572.3  711.3
1097.7 1327.8
1109.7 1147.6
 498.5 1664.6
1110.6 1159.4
1110.3 1074.2
1109.3 1170.0
1104.1  959.1
1797.7 1730.9
1110.4 1064.5
1100.5 1279.4
1101.1 1273.1
1111.2 1056.8
1101.8 1260.7
 707.8  916.7
1111.1  987.4
1112.0  729.9
1112.7 1046.5
1114.2  712.1
1113.2  983.1
1113.0  888.0
1111.4  895.9
1126.3 1178.1
1114.1  748.7
1121.1  713.2
1114.5  953.5
2220.7 1778.8
1115.1  949.5
1118.5  699.3
1117.9  957.5
1118.8  965.8
1118.9  853.8
1135.4 1202.5
1129.8 1065.5
 850.3  794.0
1137.6 1199.0
1121.1  405.8
1118.1 1294.9
1136.1 1170.7
1124.0  498.2
1107.3  817.3
1125.9  489.6
1142.2 1203.0
1125.1  506.4
1131.1  975.7
1126.3 1272.8
1135.2  711.9
1134.6  992.3
1145.9 1202.5
1139.1  400.2
1146.6 1148.5
1133.7  935.9
1125.6  315.6
1135.6  751.7
1133.6  920.5
1126.4  323.9
1146.6 1148.5
1137.1  498.9
1116.7  797.2
1139.4 1293.0
1150.5 1065.5
1151.9 1197.2
1137.5  401.5
1148.0  706.2
1150.5 1065.5
1139.9 1274.1
1148.5  758.0
1129.9  132.6
1131.2  124.1
1141.2  834.7
1130.0  139.1
1144.5 1312.5
1139.0  826.7
1150.0  897.8
1153.6  975.6
 341.0  208.1
1153.6  975.6
1144.2  839.4
1154.4  752.0
1141.7  229.8
1156.2 1086.8
1142.7  814.7
1162.3 1229.7
1142.4  135.1
1149.4  838.2
1153.4 1383.9
1442.1   29.7
1161.0  876.2
1159.3  847.0
1150.7   45.0
 942.5 1505.0
1174.8 1235.3
1171.4 1053.3
1176.7 1273.3
1183.4 1290.3
1193.4 1016.5
1190.1 1237.8
1175.1  794.5
1186.8  740.4
1397.2   55.7
 414.9 1023.9
1826.7 1144.6
 625.6 1664.0
1182.0  511.4
1183.4  504.6
1188.0  509.3
1189.2  498.9
1194.4  526.2
1195.9  533.5
1189.2  498.9
 517.7  395.1
1229.1 1398.0
1240.8  783.8
1201.9  515.1
1203.2  524.3
1206.9  531.6
1208.3  500.8
1237.6 1335.4
1239.6 1373.1
1241.0 1417.0
1240.9  822.4
1242.8 1378.4
1215.2  482.0
1249.1 1372.2
1248.6 1336.6
1235.2  690.7
1244.2  860.4
1245.9  751.9
1240.8  783.8
 671.9 1666.3
1241.7  813.6
1252.9  798.0
1228.5  512.6
1255.8 1364.3
1226.6  506.7
1247.4  763.8
1180.2 1460.2
1249.5  830.6
1252.9  878.9
1258.1 1269.6
1250.6  785.3
1250.0  775.4
1250.0  775.4
1252.1  792.8
1251.5  767.8
1253.0  768.8
1253.2  823.7
1254.9  723.2
1261.8 1345.6
1260.5  830.3
1263.5 1300.3
1257.9  784.6
1264.5 1362.4
1254.1  657.5
1649.6 1174.4
1255.1  645.4
1256.1  656.4
1240.1  491.1
1237.9  506.5
1269.2 1288.8
1269.5 1273.4
1241.0  491.6
1259.6  578.0
1260.8  663.4
1269.3  808.9
1273.8 1346.5
1277.2 1289.1
1280.5 1164.7
1279.1 1164.0
1277.3 1291.0
1484.9 1360.8
1279.7 1393.7
1268.6  662.9
1245.2  468.7
1485.8  440.8
1285.5 1364.2
1289.4 1388.3
1280.6  705.4
1302.7 1182.4
1682.5  604.0
1289.4 1290.3
1301.5 1187.4
1280.4  689.8
1276.9  656.7
1294.3 1182.9
1685.3  606.1
1271.2  482.5
1686.7  562.5
1283.4  647.4
1295.0 1162.4
1293.7  923.3
1284.4  544.5
1281.7  535.0
1282.8  538.4
1301.8 1276.3
1300.9 1268.8
1303.0 1371.9
1305.0 1157.5
1302.5 1276.0
1301.6 1289.7
1304.3 1359.9
1291.6  541.2
 276.1  357.6
1307.6 1238.0
1308.0  715.8
1550.9  451.0
2419.7  125.2
 796.8 1662.4
1307.3  739.9
1316.7 1305.9
1306.0  647.8
 407.2 1031.2
1306.8  646.1
1307.7  643.8
1288.2  438.6
1314.1  736.4
 784.8 1658.8
1315.0  714.2
 784.8 1658.8
1342.0 1173.7
1312.1  633.9
1311.5  650.2
  13.1  255.5
1236.4 1476.5
1320.8  713.5
1348.8 1389.9
1345.9 1187.6
1356.4 1407.4
1350.3 1106.3
1348.6 1061.6
1349.7 1099.5
1350.1  972.2
1349.6 1090.2
1349.7 1078.7
1350.1  972.2
1349.7 1078.7
1350.1  972.2
1334.0  681.3
1350.3 1047.3
1350.1  972.2
1306.8  415.0
1356.4 1254.9
1357.3 1005.8
1342.5  737.2
1355.5 1009.6
1350.6  924.9
1355.9 1161.8
1357.1 1121.1
1350.6  928.6
1357.6  882.8
1356.5 1052.2
1355.9 1034.8
1349.9  841.4
1356.8  710.3
1359.8 1137.2
1355.5 1009.6
1357.3 1005.8
1348.0  716.2
1355.8  977.4
1357.5 1014.3
1357.2  993.0
1357.3 1005.8
1349.0  732.1
1357.6  951.3
1363.9 1136.5
1356.5  957.4
1354.8  861.8
1358.7  960.2
1156.5  957.2
1357.1  921.4
1360.5 1030.5
1355.8  977.4
1358.7  960.2
1357.3 1005.8
1356.3  845.8
1352.6  739.9
1356.5  841.0
1359.7  973.7
1354.5  778.5
1357.3 1005.8
1356.8  820.1
1358.2 1047.2
1356.5  799.7
1254.6 1478.7
1357.2  804.4
1355.6  758.2
1353.9  734.2
1359.7  973.7
1357.7  743.7
1363.7  861.9
1385.8 1278.2
1364.5  882.9
1360.3  749.5
1360.3  749.5
1364.1  799.6
1365.6  809.5
1365.1  757.0
1368.9  846.2
1391.0 1102.1
1370.1  747.5
1372.8  750.7
1380.0  869.5
1270.4 1481.6
1411.5 1268.0
1413.0 1253.2
1415.1 1295.0
1380.0  733.4
1342.8  431.8
1331.5  352.0
1372.9  666.1
1425.2 1367.3
1378.4  634.7
1353.9  463.8
1407.0  764.3
1442.1 1385.9
1428.4  992.4
 384.4  334.4
1603.5  693.9
1362.8  459.1
1363.9  458.9
1359.4  397.0
1387.3  113.4
1388.0  145.9
1390.0  116.3
1816.7  385.1
1390.8   79.1
1300.3 1480.8
1395.0  151.8
1361.0  345.5
1457.1 1332.1
1365.4  364.7
1383.0  420.7
1454.0 1130.4
1458.1 1362.9
1377.9  388.1
1452.6 1045.6
1453.1 1054.1
1380.5  396.2
1367.4  353.1
1461.1 1365.7
 553.8 1466.0
1463.5 1321.3
1009.4 1611.2
1365.0  312.0
1454.0 1130.4
 528.3  900.7
1410.4  209.5
1406.2  701.7
1375.0  433.2
1592.7  438.7
1399.6  426.3
1417.7  208.3
1421.4  203.4
1422.5  197.0
1424.9  654.9
1402.8  448.5
1403.3  426.4
1401.4  420.7
1406.1  441.5
1480.9 1048.7
1383.2  310.6
 934.8 1732.8
1359.1  878.0
1484.6 1309.4
1391.0  312.7
1487.4 1342.8
1410.8  440.1
1489.3 1348.7
1609.1 1296.3
1421.6  606.0
1440.8  160.5
1488.1 1366.3
1412.8  435.9
1099.5 1579.7
1480.9 1048.7
1396.9  334.3
1414.3  436.2
1489.3 1348.7
1531.0 1816.4
1493.4 1277.1
1423.6  432.8
1455.1  140.2
1493.4 1277.1
1422.3  345.9
1613.1  692.1
1456.7  158.6
1454.5  649.0
1432.6  385.7
1342.3 1503.0
1461.8  167.6
1612.1 1525.9
1610.9 1023.4
1423.4  386.8
1438.8  360.9
1517.0 1339.5
1471.5  186.6
1611.1 1023.1
1583.6 1216.9
1423.7  289.8
1363.3 1502.7
1423.9  282.0
1449.0  582.6
1442.7  431.3
1521.3 1354.4
1522.6 1271.7
1368.4 1492.3
1468.2  230.3
1448.4  387.4
1470.7  647.0
1426.0  264.0
1369.4 1492.8
1456.0  582.6
1451.7  382.0
1519.7 1001.7
1429.3  297.9
 942.7 1665.8
1427.7  249.1
  70.0   64.9
1374.7 1497.9
1374.4 1504.7
1460.1  580.1
1375.2 1497.3
1414.2  346.2
1442.6  312.0
1439.4  285.6
1272.9 1540.5
1489.0   89.8
1574.1  981.8
1461.8  468.6
1491.0   99.8
1452.7  388.6
 961.5 1660.7
1535.3 1212.3
1511.1 1367.5
1459.8  361.2
1539.5 1294.8
1489.7  192.3
1535.3 1212.3
2001.6 1403.7
1573.8  943.0
1584.3 1257.5
1538.0 1139.3
1466.9  398.2
2734.7  481.5
1587.6 1374.1
 611.9 1660.0
1468.7  399.3
1466.9  398.2
1477.9  584.5
1464.9  377.8
1489.1  226.3
1553.0  454.7
1466.8  456.5
1542.0 1211.9
1496.0  676.5
1499.7   65.9
1502.3  100.9
1500.4  699.2
1502.0  187.9
1502.9  645.6
1517.9  809.5
1479.9  484.4
1392.8 1505.3
1505.8   74.6
1549.3 1400.4
1506.3   74.0
1527.2  568.3
1469.8  433.9
1505.3  672.8
1502.8  637.4
1397.8 1497.0
1498.1  568.2
1509.6   81.1
1504.7  542.7
1504.7  542.7
1511.8   68.1
 861.2  778.0
1513.8  716.0
1561.9 1384.7
1490.3  385.1
1516.7   70.8
1464.9  377.8
1407.3 1501.6
1484.6  327.6
1568.5 1390.3
1514.4  221.1
1468.4  264.2
 997.8 1664.1
 467.5 1236.2
1476.0  289.3
1571.5 1426.6
1495.8  342.0
1588.1  620.7
1538.3  208.4
1538.3  208.4
1480.5  305.6
1510.9  648.6
1480.5  282.3
1478.0  260.7
1422.1 1507.3
1525.7  210.6
1527.2  214.9
1592.8  150.7
1494.5  346.7
1487.6  298.0
1570.8 1093.7
1530.6  212.2
1586.1 1421.1
1461.1 1365.7
1582.8 1169.4
1511.2  382.9
1428.3 1505.8
1533.8  631.6
1576.2  777.6
1580.1  961.8
1461.1 1365.7
1540.3 1026.0
1538.5 1139.4
1580.3  981.7
1580.1  961.8
1580.1  943.8
1580.1  961.8
1589.3 1255.4
1357.1 1121.1
1579.3  787.9
 726.8  435.2
  44.6 1020.0
1518.2  414.1
1497.2  295.3
1519.2  412.5
1791.0 1038.1
1590.0 1027.8
1444.1 1504.4
1538.3  208.4
1552.4   40.5
1588.8  834.6
1524.7  409.9
1605.1 1357.5
1445.8 1508.7
1596.9  827.0
1600.6 1036.8
1552.1  190.4
1556.0   75.5
1606.5 1126.1
1601.8  995.7
1596.9  827.0
1564.1   58.2
1603.7  825.2
1602.5  841.5
1560.8   77.8
1554.6  183.0
1613.9 1262.7
1613.6 1061.3
1615.4 1119.4
1613.6 1061.3
1615.4 1119.4
1563.7  625.4
1616.9 1130.4
1608.2  827.9
1592.8  150.7
1569.8  630.0
1547.9  380.5
1030.8 1677.9
1531.5  318.8
1639.4  422.0
1554.2  402.4
1625.3 1020.3
1576.2  623.7
1576.5  623.1
1585.1   95.7
1585.3   95.6
 319.4   32.1
1560.4  399.2
1582.9  618.6
1560.3  394.8
1562.1  399.9
1561.1  372.6
1621.9 1031.7
1621.9 1031.7
1621.9 1031.7
1554.6  194.5
1592.8  150.7
1610.6 1017.6
1603.5  693.9
 736.3  463.7
1600.8  138.6
1902.4  809.2
1600.0  754.3
1611.5  615.1
1617.7  626.1
1622.0  690.2
1618.3  615.2
1620.9  136.9
1610.9 1023.4
1584.3 1257.5
1610.9 1023.4
1625.2  136.5
1638.4  817.8
1623.4   94.5
1625.1   90.5
 402.3 1066.2
1624.9 1464.6
1636.3   55.3
1389.7 1577.4
1636.4  691.0
1066.6 1774.4
1637.1 1462.4
1636.9 1415.9
1688.4 1764.9
2107.9 1372.1
1627.7  565.5
1637.9 1378.5
 474.8   33.5
1607.5  334.9
2540.9  541.2
 480.0   36.6
 460.3   29.0
 480.0   36.6
 474.8   33.5
1639.9 1345.8
 891.9  905.4
1641.6 1395.6
1641.9 1392.3
1643.0 1409.5
1357.7  830.3
1513.8 1519.4
1349.9  841.4
1647.5 1435.3
1628.6  435.2
1647.6 1300.2
1545.2 1517.6
1648.2 1407.0
1648.9 1427.2
1650.5 1306.1
1653.3 1237.6
1654.0 1244.3
1649.9 1315.3
1649.4 1352.3
1649.4 1360.0
1652.7 1265.7
1653.2 1375.9
1653.2 1389.2
1652.6 1349.6
1655.0 1428.7
1655.1 1422.8
1644.6  556.6
1655.6 1401.2
1655.5 1368.0
1553.9 1524.6
1620.3  334.1
1661.2 1447.9
1661.6 1447.5
1661.6 1447.4
1660.9 1321.8
1652.4  566.4
1663.9 1433.0
1661.9 1258.6
1670.2 1357.3
1664.8 1407.2
1561.9 1526.1
1666.9 1455.2
1667.2 1455.3
1657.4  574.4
1378.3  425.9
1667.9 1365.5
1668.7 1260.2
1670.8 1443.0
1565.6 1526.2
1673.1 1275.3
1672.7 1409.9
1675.0 1451.5
1656.7  434.3
1675.8 1403.5
1673.8 1300.3
1677.9 1462.8
1676.9 1428.2
1667.4  530.0
1676.7 1368.0
1678.7 1391.6
1649.4  343.0
1672.2  611.5
1680.2 1482.3
1680.1 1345.7
1663.5  430.7
1673.9  529.1
1674.4  588.5
1579.0 1528.6
1672.2  444.9
1683.5 1379.1
1685.1 1407.6
1678.5  623.7
1676.7  443.3
1687.2 1288.3
1688.4 1264.7
1688.8 1380.9
1688.8 1380.9
1688.7 1355.2
1684.5  588.5
1584.8 1529.5
1691.0 1389.4
1691.4 1258.1
1691.9 1396.2
1691.4 1286.9
1691.7 1349.4
1681.2  558.9
1692.8 1438.2
1685.2  554.0
1693.0 1359.3
1694.5 1383.5
1684.7  579.2
1686.8  620.4
1661.0  337.9
1685.5  559.3
1695.4 1356.8
1657.2  306.2
1669.5  371.0
1699.5 1402.7
1690.0  577.1
1700.7 1471.7
1660.4  313.6
1699.4 1285.9
1669.5  348.2
1688.1  546.0
1692.0  563.9
1702.2 1423.6
1704.3 1361.3
1704.7 1365.4
1703.9 1347.7
1707.2 1432.1
1707.4 1423.3
1706.4 1284.4
1707.6 1324.3
1700.5  606.0
 592.6  674.7
1709.9 1263.4
1674.2  342.8
1677.8  384.9
1676.6  360.7
1700.0  575.5
1704.0  591.2
1703.9  597.0
1702.5  543.8
1717.0  637.3
1723.6  592.7
1714.2 1422.6
1697.2  423.9
1715.5 1283.0
 177.2  173.0
1716.5 1428.0
1706.0  552.4
1716.3 1360.0
1720.4 1459.5
1714.4  560.9
1720.0 1406.7
1722.0 1453.5
1390.5  930.0
1722.0 1449.5
1615.4 1533.5
1701.7  422.4
1724.9 1119.6
1615.4 1533.5
1616.9 1532.7
1616.9 1527.1
1683.4  314.2
1728.9 1228.0
1724.9 1420.9
1693.0  367.3
1726.2 1402.5
1731.1 1199.9
1721.9  598.9
1727.5 1414.9
1718.7  554.1
1688.2  315.4
1730.4 1405.4
1699.4  369.2
1731.8 1264.6
1699.6  378.2
1734.0 1446.7
1737.2 1430.2
1737.6 1447.7
1736.0 1379.3
1717.9  403.5
1736.6  690.3
1740.2  701.4
1739.5 1333.7
 441.1  381.0
1636.0 1529.6
1708.9  380.0
 441.1  381.0
 441.1  381.0
1758.6  924.3
1742.0 1383.8
1746.8  712.0
1758.6  924.3
1742.0 1383.8
1742.2 1405.5
1703.3  319.5
1743.9 1409.9
1757.3  822.2
1754.4  759.0
1744.3 1416.8
 653.1 1009.3
1768.6  511.0
1757.7 1096.4
1762.1  820.0
1767.0  638.1
1718.6  356.0
1777.4 1235.8
1761.2  708.3
1761.0  497.0
1761.2  708.3
1775.6 1038.7
1725.0  370.3
1721.6  340.3
1775.8  923.2
1775.8  923.2
1738.8  396.7
1773.9  819.6
1781.1 1115.8
1730.2  374.1
1779.2  923.6
1775.4  755.4
1776.6  820.1
1727.2  340.8
1729.4  351.3
1786.4 1144.3
 817.2 1465.4
1787.3 1343.6
1734.2  368.7
1731.6  359.5
1789.8 1288.1
1792.4 1271.2
 474.0  881.0
1793.8 1457.0
1789.1 1026.9
1736.2  352.2
1791.0 1038.1
1796.1 1120.0
1796.1 1120.0
1797.4 1156.9
1738.4  344.7
1800.8 1346.5
1803.3 1428.8
1774.5  385.3
1805.3 1435.4
1804.7 1285.7
1803.4 1037.4
1807.9 1476.7
1806.2 1350.6
1807.0 1331.1
1804.9  420.5
1808.6 1321.4
1808.2 1356.3
1780.3  365.3
1773.2  359.2
1780.3  365.3
1804.1  753.2
1780.3  365.3
 271.9 1419.9
1815.9 1435.8
1816.2 1312.1
1818.3 1477.0
1814.1 1196.9
1811.6  917.6
1811.4  378.9
1824.4 1477.4
1627.6 1572.6
1828.4 1485.9
1820.5  757.2
1830.6 1332.9
1830.8 1449.9
1829.1 1122.3
1830.3 1156.8
1833.2 1314.6
1835.8 1272.4
1836.6 1473.4
1840.2 1288.5
1847.1 1490.2
1845.5 1341.7
1849.3 1329.2
1849.6 1336.2
1851.4 1032.3
1855.2 1479.9
1856.0 1319.9
1857.1 1382.7
1859.5 1335.7
1853.2  900.7
1861.7 1472.2
1860.6 1484.4
1866.6 1454.8
1861.4 1047.8
1864.5 1371.1
1858.0  865.0
1859.3  905.1
1868.0 1315.2
1870.7 1487.8
1849.6  711.2
1865.8  902.5
1790.7 1535.3
1794.6 1529.2
1867.5  742.8
1990.8 1103.5
1793.8 1536.9
1878.8  899.6
1900.8 1535.2
1892.3 1047.0
1891.7 1119.7
1894.5 1041.2
1890.8  802.9
1901.2 1041.4
1904.0 1142.4
1896.0  801.7
1908.0 1041.3
2228.7 1735.8
1912.7  781.8
1877.1 1525.2
1878.0 1530.3
1875.6  635.2
1887.2 1352.9
1891.7 1471.7
1916.2  860.6
1885.6 1564.6
1892.7 1470.8
1892.2 1451.5
1892.4 1412.1
1892.4 1429.8
1955.0  486.6
1895.1 1487.1
1894.8 1395.7
1920.7  717.7
1934.2 1031.2
1936.9 1142.0
1893.0 1533.6
1895.4 1395.7
1894.9 1550.8
1896.2 1555.5
1939.2 1166.9
1900.9 1458.3
1900.9 1429.1
1900.7 1412.4
1902.7 1482.9
1902.7 1482.9
1902.5 1512.5
1901.4 1320.8
1900.8 1535.2
1920.5 1380.7
1905.0 1349.4
1791.9 1621.6
1904.3 1544.9
1906.1 1400.7
1909.5 1482.5
1905.4 1535.6
1908.2 1329.4
1910.8 1412.9
1909.9 1559.5
1910.2 1532.3
1911.2 1384.8
1913.6 1517.9
1911.5 1376.2
1913.9 1505.9
1912.0 1377.9
1912.1 1376.6
1912.2 1544.8
1911.6 1358.5
1913.1 1392.3
1914.5 1563.0
1915.5 1349.2
1917.2 1538.7
1917.2 1538.5
1919.2 1378.9
1937.3  724.3
1919.8 1323.5
1920.8 1407.1
1919.8 1378.4
2568.5 1662.8
1924.1 1512.7
1923.8 1390.4
1922.2 1354.2
2462.6 1585.1
1928.6 1400.8
2547.9    8.3
1924.4 1550.8
1926.1 1326.6
1927.0 1319.6
1930.0 1445.0
1929.7 1543.6
1942.9 1255.5
1933.6 1403.0
1964.6  814.3
1938.6 1393.0
1939.1 1530.5
1941.6 1414.3
1943.5 1355.1
1959.0 1234.1
1944.4 1405.0
1943.5 1355.1
1944.1 1396.6
1944.1 1550.0
1944.9 1384.0
1945.8 1388.0
1945.9 1382.4
1945.7 1354.8
1953.8 1265.2
1969.4 1109.8
1950.3 1406.9
1969.5 1015.2
1951.2 1345.6
1950.8 1385.0
1969.5  945.8
1974.7 1133.0
1972.1  952.0
1953.9 1555.6
1956.8 1387.2
1957.1 1380.3
1974.6  944.8
1972.8  860.3
1972.9  827.1
1976.3  949.2
1978.9  575.6
1961.1 1399.9
1971.2 1258.5
1962.9 1363.0
1961.7 1571.9
1963.9 1551.3
1965.5 1401.6
1981.0  885.3
1965.9 1569.8
1965.9 1569.8
1967.6 1382.3
1988.9 1107.8
1969.1 1348.9
1978.9 1260.7
1986.7  885.0
1971.1 1569.8
1974.5 1351.5
1973.2 1379.4
1974.5 1332.6
1973.6 1355.5
1975.0 1388.0
1995.4 1041.2
1995.3 1046.2
1997.5 1048.3
1754.4  759.0
1977.7 1579.5
1994.5  875.6
1994.4 1235.6
1998.2 1015.4
1997.4  957.7
1996.5  885.8
1566.1   30.5
1982.0 1397.9
1980.8 1574.2
1981.1 1556.0
 121.8  699.3
2002.5 1014.9
1977.1  626.3
 573.0 1056.5
1986.5 1354.6
1965.6 1164.2
2004.8  916.9
2007.7 1007.7
2010.1 1140.2
2008.1 1014.4
2009.5 1014.0
1987.9 1540.6
2012.1 1086.9
2017.5  218.5
1990.8 1537.2
2009.9  929.6
2009.8  885.1
2014.5 1013.4
1997.5 1408.5
2013.3  878.6
1997.6 1381.9
2017.9 1085.0
1997.3 1356.1
1998.8 1413.0
1996.8 1532.8
2015.5  884.2
1999.0 1389.7
2010.7 1252.9
2021.6 1012.6
2004.2 1408.4
2004.2 1412.4
2037.3  460.3
2005.3 1359.7
2006.1 1540.5
2008.9 1534.2
2009.4 1352.8
2029.0 1043.7
2011.1 1406.6
2420.0  529.9
2012.2 1620.7
2015.5 1530.4
2015.7 1346.3
2036.4 1086.2
2016.6 1535.2
2016.9 1544.6
2018.9 1584.5
2034.0  819.6
2020.2 1356.3
2041.5 1105.2
2023.9 1307.6
2021.7 1370.6
2020.7 1584.8
2024.9 1343.3
2023.0 1379.7
2044.0 1012.9
2024.2 1535.6
2024.7 1364.0
2026.5 1340.6
2027.0 1538.1
2048.6 1121.7
2029.5 1541.5
2030.7 1535.8
2031.2 1338.1
2040.7 1259.3
2031.1 1312.9
2030.8 1558.4
2029.5 1636.6
2032.8 1606.5
2033.4 1611.3
2035.1 1342.4
2034.6 1364.0
2054.3 1013.0
2058.3 1075.6
2060.3 1142.4
2037.5 1564.3
2038.8 1354.3
2039.4 1610.6
2040.5 1603.8
2041.5 1407.8
2041.4 1623.8
2051.6 1266.3
2057.2  830.7
2042.2 1587.5
2061.8  999.0
2042.6 1552.9
2043.9 1607.9
2043.6 1545.3
2044.5 1598.7
2045.2 1577.0
2045.4 1415.0
2045.7 1581.8
2046.6 1538.2
2071.6 1162.5
2050.6 1531.6
2049.7 1361.1
2049.6 1551.5
2050.2 1560.0
2052.6 1567.2
2073.5 1099.1
2054.6 1386.5
2075.9 1140.5
2054.6 1362.0
2071.3  851.4
2071.9  864.3
2075.9  980.8
2066.7 1262.8
2059.8 1357.2
2060.0 1361.0
2082.9 1020.5
2060.5 1545.3
1936.2 1701.3
2065.1 1353.2
2066.5 1357.5
2067.8 1292.3
2076.5 1261.7
2068.1 1287.3
2066.9 1379.4
2068.1 1393.9
2090.0 1102.9
2069.3 1342.2
2088.8 1011.2
2087.6  877.1
2071.1 1390.5
2092.2 1053.7
2087.0 1241.8
2082.7 1258.4
2091.3  879.0
2075.8 1362.9
2095.4 1010.7
2098.5 1092.7
2088.4 1259.2
2078.7 1362.1
1868.8 1741.1
2088.3 1265.9
2081.0 1358.3
2099.3 1005.2
2099.8  969.9
2102.8 1052.2
2080.7 1562.3
2103.6 1089.5
2082.3 1577.0
1974.5 1698.0
 381.3  185.5
2081.3 1654.8
2088.1 1362.6
2089.0 1409.1
2106.8  935.1
2105.9  875.7
2089.6 1349.2
2111.1 1078.6
2488.6 1103.7
2090.5 1370.7
2106.3  801.3
2093.9 1414.8
2112.3  936.8
2110.8  876.4
2093.6 1366.3
2114.4  875.1
2100.6 1287.9
2100.2 1358.0
2098.5 1372.3
2116.2  829.3
2102.2 1360.6
2100.2 1633.9
2121.6  983.8
1889.4 1745.9
2124.9 1003.7
2121.8  874.9
2104.9 1374.8
2105.6 1392.4
2125.5  924.8
2131.3 1128.6
2128.7  985.9
2131.2 1078.5
2111.1 1391.9
2107.1  611.4
2112.1 1376.8
1779.4 1798.8
2135.8 1050.4
2130.4  833.7
2114.3 1371.9
2116.1 1408.4
2117.5 1349.7
2118.4 1330.9
2138.0 1009.8
2113.7  619.6
2117.0 1652.9
2116.7 1657.2
2118.8 1426.5
2139.8  960.4
2122.0 1346.3
2140.4  941.7
2120.9 1650.9
2123.6 1356.8
2123.9 1363.0
2119.7  621.0
2124.1 1369.3
2140.3  804.2
2144.3  951.3
2127.8 1352.9
2127.0 1382.5
2127.8 1418.5
2150.0 1101.7
2127.2 1637.5
2149.6 1128.8
2151.2 1061.0
2124.0  619.8
2152.0  881.2
2130.7 1432.6
2131.8 1395.7
2128.9  613.5
2134.7 1353.4
2133.5 1639.2
2151.9 1017.0
2154.8  966.0
2158.4 1040.5
2139.2 1296.0
2139.2 1411.9
2154.9  762.2
2161.6 1057.6
2140.8 1345.3
2154.9  762.2
2140.0 1548.2
2137.6 1556.3
2162.0 1060.9
2157.4  759.0
2449.3 1205.0
 454.9 1055.5
2159.9  767.4
2138.3  608.7
2144.4 1352.1
2154.5 1264.5
2166.9 1139.6
2139.5  612.9
2164.6  980.5
2161.7  772.0
2144.0 1556.2
2160.8  787.6
2160.8  793.1
2146.4 1400.2
2163.9  852.7
2169.4 1031.9
2148.6 1550.0
2165.2  864.5
2172.0 1125.5
2167.4  770.2
2150.4 1560.2
2167.7  811.0
2171.9  818.6
2157.0 1551.3
2177.0  936.9
2159.5 1308.0
2178.3  941.7
1784.0 1141.5
2161.2 1367.5
2181.4 1000.0
2183.0 1093.1
2161.4 1367.6
2180.5  950.4
2183.1 1052.4
2161.2 1404.9
2178.0  840.1
2163.5 1322.9
2164.6 1531.9
2183.0  960.0
2161.8 1326.7
2163.0 1376.8
2181.4  844.3
2161.7 1713.1
2183.1  867.7
2162.2  612.5
2188.9 1119.1
2187.5 1004.6
2166.9 1304.0
2161.4  612.4
1356.9  754.2
2186.3 1170.8
2166.2 1558.8
2190.1 1088.9
2191.1 1101.7
2191.4 1012.4
2189.8 1032.4
2188.7  823.8
2191.5 1075.1
2191.8 1065.6
2171.9 1311.1
2170.4 1662.5
2192.5 1075.8
2191.6  965.6
2194.8 1113.6
2171.6 1570.6
2172.6 1360.1
2175.9 1340.4
2194.8  956.6
2194.9  951.1
2196.6 1053.3
2186.8 1256.7
2175.3 1559.3
2201.2 1160.5
2177.4 1379.5
2178.2 1453.1
2178.7 1478.5
2198.2  902.8
2195.3  810.1
2203.2 1094.2
2202.0 1080.3
2183.5  641.5
2179.2 1572.3
2181.6 1696.1
2184.2 1356.7
2207.7 1139.8
2201.1  822.3
2184.1 1574.1
2203.7  864.4
2184.6 1710.8
2208.5  955.0
2215.0 1139.8
2211.0 1046.2
2190.7 1497.6
2211.6 1043.4
2207.9  823.0
2193.4 1535.7
2211.1 1176.0
2187.5  589.8
2212.0  814.7
2215.7  995.5
2217.4 1082.5
2197.0 1476.5
2214.3  895.2
2217.4  989.2
2193.4 1725.3
2529.9 1275.9
2197.2 1556.4
2220.3 1054.6
2197.4 1563.5
2212.2 1260.3
2220.9 1003.8
2199.0 1611.9
2217.5  803.9
2202.2 1324.1
2202.7 1722.7
2223.1 1168.8
2204.3 1460.6
2223.9  933.8
2203.2 1565.9
2205.4 1456.2
2223.1  806.6
2227.7 1094.6
2228.1 1069.0
2224.3  780.4
2202.8 1704.1
2219.0 1261.2
2227.7 1172.3
2209.8 1550.1
2210.4 1454.6
2232.2 1003.1
2212.5 1487.3
2224.8 1261.9
2213.1 1475.4
2215.9 1296.2
2213.9 1700.2
2236.1 1054.3
2228.4 1248.9
2215.0 1450.3
2229.8 1269.4
2219.6 1487.7
2214.2  604.1
2214.9  604.2
2241.5 1097.6
2235.9  677.1
2241.7 1076.4
2243.4 1064.9
2234.3 1257.1
2243.6 1000.8
2225.2 1676.5
2224.6 1669.3
2225.6 1451.2
2242.2  780.8
2250.5 1071.4
2249.8 1002.5
2229.9 1500.3
2252.4 1092.1
2225.6  601.9
2251.2  871.4
2244.1 1265.3
2231.1 1684.9
2233.6 1494.7
2251.2  859.6
2254.1  953.1
2237.6 1326.3
1401.8 1407.8
2258.5 1060.9
2231.6  588.3
2256.4  864.4
2256.3  868.9
2260.5 1114.2
2254.8  790.0
2256.3  868.9
2263.6 1133.0
2260.1  915.5
2257.7  813.8
2260.7  925.9
2261.6  868.9
2262.7 1004.0
2263.8 1043.7
2265.5 1104.3
2263.3  933.6
2262.6  858.0
2260.3  770.2
2267.9 1129.7
2261.7  820.4
2260.9  768.9
2264.5  886.8
2269.2 1123.7
2268.2 1111.8
2263.2  760.0
2268.6 1044.2
2239.6  577.7
2265.1  831.8
2244.8  596.4
2262.5  661.7
2267.2  848.3
2272.2  998.9
2251.6 1322.5
1462.8  377.2
2274.4 1002.9
2276.7 1101.3
2252.8 1586.0
2254.7 1422.9
2272.5  769.0
2272.7  790.6
2256.5 1349.8
2277.4  996.4
2278.7  968.6
2280.3 1000.6
2277.9  767.6
2284.4 1126.5
2263.0 1525.4
2288.1 1139.6
2286.7 1096.3
2284.7  964.7
2283.8  866.4
2264.7 1593.7
2268.4 1348.7
2279.7 1266.0
2269.8 1429.2
2290.4  912.2
2292.5  992.9
2294.7  950.1
2295.7 1063.6
2273.3 1595.0
2298.6 1127.0
2274.9 1598.5
2296.2  908.9
2298.5  973.9
2298.3  969.2
2297.4 1169.4
2299.9  864.9
2299.9  864.9
2302.4 1060.0
2300.8  949.9
2301.3  945.5
2690.4  349.0
2301.1  920.7
2304.6 1123.0
2302.2  981.2
2300.0  755.7
2278.4  593.0
2304.2  974.1
2304.7 1037.0
2306.2 1055.6
2279.5  593.1
2283.7 1682.6
2275.4  560.9
2275.4  560.9
2311.4 1132.0
2308.7  915.9
 661.1   35.9
2288.0 1618.5
2310.8  969.4
2315.6 1138.3
2290.5 1339.1
2290.8 1489.0
2289.6 1724.6
2311.4  928.0
2291.5 1557.1
2311.4  891.9
2313.5  964.6
2292.5 1494.8
2312.6  897.5
2291.4 1693.3
2312.8  882.6
2310.9  813.8
2295.2 1309.1
2314.1  671.4
2296.0 1493.8
2315.5  909.1
2294.9 1680.7
2314.2  758.0
2317.0  926.2
2318.9  962.2
2316.2  862.4
2295.6 1596.4
2314.9  742.6
2297.6 1715.1
2314.8  787.3
2295.6 1695.8
2314.4  770.5
2319.8  974.2
2317.9  825.8
2311.1 1265.1
2301.9 1355.7
2301.4 1307.3
2300.3 1688.1
2314.3 1258.4
2324.6 1083.8
2300.7 1588.3
2325.0  999.2
2305.2 1560.2
2322.2  845.9
2307.2 1597.8
2293.4  557.4
2327.7 1036.1
2318.9 1259.7
2329.8 1090.9
2328.1  923.2
2329.4  976.1
2330.0  997.1
2307.2 1597.8
 577.8 1486.6
2325.4  769.8
2307.5 1579.3
2306.9 1644.3
2332.7 1112.2
2330.2  922.1
2332.6 1058.4
2327.5  768.7
2324.0 1263.6
2333.7  982.3
2334.5 1085.6
2310.9 1633.4
2336.3  940.4
2315.0 1628.3
2334.2  806.0
2315.6 1638.3
2337.8  895.9
2317.0 1772.3
2340.1  969.9
2340.0  995.2
2340.0  995.2
2319.0 1724.6
2342.4 1120.8
2335.1 1257.9
2336.0 1255.4
2344.7 1128.5
2344.9 1022.5
2340.3  803.9
2341.4  796.6
2323.4 1774.4
2347.2 1035.5
2347.2 1035.5
2324.3 1575.6
2325.7 1720.5
2322.5  583.8
2350.1 1125.1
2322.4  592.1
2349.5  924.2
2352.2 1130.1
2352.8 1130.4
2350.1  920.0
2351.0  841.9
2353.6  942.8
2345.6 1266.4
2353.5  852.1
2357.3  960.7
2336.2 1788.4
2362.6 1135.9
2362.0 1067.5
2332.2  582.3
2359.2  917.7
2357.5  814.3
2362.2  997.1
2365.4 1008.3
2366.3 1125.0
2363.0  927.8
2363.2  940.1
2367.6 1108.9
2367.5 1026.4
2345.8 1570.6
2367.5  971.4
2365.3  843.4
2368.2  957.9
2348.3 1308.1
2371.1 1129.7
2366.7  831.3
2349.5 1536.2
2365.1 1253.1
2374.1  985.7
2375.7 1067.1
2371.0  823.5
2372.1  775.3
2379.3 1005.9
2380.6 1106.8
2371.1 1257.1
2341.0 1810.5
2383.9 1004.6
2359.5 1397.4
2388.4 1123.3
2362.5 1796.9
2349.6 1812.1
2388.8 1050.2
2388.2  992.7
2364.0 1598.8
2384.7  766.4
2389.6 1124.1
2367.1 1796.2
2365.0 1804.2
2388.6  797.8
2394.4 1109.7
2383.2 1272.3
2395.0 1096.9
2372.4 1347.6
2390.2  774.2
2372.8 1765.2
2372.2 1798.7
2798.2  979.9
2396.1  928.9
2397.7 1050.5
1237.2  502.7
2391.4 1251.8
2399.1  996.8
2399.8 1031.1
2378.1 1542.2
2401.3 1113.9
2378.7  598.5
2378.9 1764.8
2379.9 1545.9
2401.6  975.3
2379.5 1787.9
2402.1  899.0
2379.9 1805.3
2380.8 1783.2
2380.1 1800.3
2381.9 1795.2
2384.4  599.5
2383.3 1576.8
2384.8 1549.2
2387.8  594.2
2386.8 1805.9
2388.9 1543.1
2411.7 1084.6
2390.8 1795.4
2392.1 1801.0
2392.7 1800.7
2393.2 1806.3
2397.5 1801.0
2398.2 1554.1
2399.2 1402.3
2402.2 1807.0
2406.3 1798.9
2407.0 1543.8
2407.0 1543.8
2410.4 1758.9
2412.3 1788.2
2411.0 1621.2
2763.0 1517.0
2413.7 1804.3
2419.1 1770.4
2419.5 1804.2
2435.4 1271.6
2423.8 1807.1
2426.4 1769.2
2426.2 1760.0
2426.7 1769.4
2431.6 1328.5
 145.3  471.8
 446.9   98.7
2431.7 1624.3
2441.8 1372.9
2445.8 1574.6
2448.2 1345.6
 325.8 1400.3
2445.1 1662.9
2451.6 1553.6
2458.3 1578.0
2455.0 1601.1
2459.1 1661.9
2462.6 1585.1
2463.0 1590.3
2465.9 1767.8
2468.4 1565.8
2470.8 1362.7
2471.9 1354.1
2470.7 1735.8
2470.1 1608.5
2475.1 1550.3
1066.6 1774.4
2128.1 1352.4
2479.3 1547.2
2474.3 1602.2
2480.0 1539.1
2318.9 1259.7
 524.5  540.0
2480.9 1631.9
2484.2 1657.2
2488.9 1587.7
2488.4 1480.4
2493.7 1578.6
2677.0  170.0
2493.3 1666.4
2751.3 1221.3
2498.8 1594.3
1697.1 1279.3
 732.8 1502.7
2796.8  842.8
2513.7 1814.6
 753.0  732.1
1898.5 1291.0
1472.9  119.3
2738.5  405.6
 536.7  619.0
 238.6   58.8
2768.8  912.9
2145.8 1674.7
1547.9  380.5
 689.1 1489.7
 181.8  362.0
1961.8 1679.4
  82.5 1666.5
1668.7 1556.4
 440.0 1471.2
2304.7 1037.0
1527.6 1758.3
1255.8 1364.3
 908.4  402.5
1890.7 1555.8
2499.8 1249.3
2428.5 1764.0
  19.1  578.0
1082.7 1039.3
 477.3 1779.4
 101.9 1203.7
1542.2  370.2
1471.3   80.6
 748.8 1246.7
1655.0 1428.7
2488.6 1103.7
 630.9 1788.0
1726.5 1620.7
 522.1  740.2
1738.4  344.7
1426.8 1286.4
2019.4 1626.5
2305.2  853.6
  16.1  924.1
2802.5   46.1
 425.0  733.2
2604.6  428.3
 840.9 1470.9
1227.9 1556.2
1538.9 1825.7
1735.5 1248.3
2556.0 1190.3
513.0  479.7
2431.0  352.7
2625.0 1735.0
1774.9 1412.5
15.8  557.7