882.6 22.7
367.9 99.2
1231.2 130.0
1231.2 130.0
1229.5 134.1
1188.6 135.4
1188.6 135.4
1203.2 150.1
1192.4 158.1
1253.8 158.2
1253.8 158.2
911.6 177.2
949.8 215.2
993.1 215.4
1011.1 222.6
975.9 224.1
1013.3 227.9
194.0 229.2
194.0 229.2
970.7 229.3
977.6 236.9
1019.1 241.8
1400.9 245.7
1062.6 251.1
1027.7 254.2
1027.7 254.2
935.9 260.4
935.9 260.4
1038.9 260.0
1038.9 260.0
1051.1 260.1
1051.1 260.1
858.6 263.9
863.3 264.6
829.2 269.1
829.2 269.1
1024.5 269.4
977.7 272.2
765.6 273.2
779.7 280.9
779.7 280.9
991.8 286.1
809.0 291.3
846.7 291.5
1046.6 292.0
1020.5 293.0
1020.5 293.0
1051.6 294.4
956.8 297.2
858.6 301.5
1070.9 301.3
1060.9 304.4
1060.9 304.4
969.0 306.4
969.0 306.4
958.9 308.1
958.9 308.1
959.3 311.2
978.4 312.1
978.4 312.1
983.7 313.2
1468.6 313.1
325.3 316.8
815.9 317.3
1428.6 316.7
765.9 319.1
164.1 323.3
751.6 325.8
987.0 326.3
1091.0 325.6
1037.4 327.9
875.9 331.9
716.6 332.9
1154.6 334.1
1163.8 335.7
726.3 336.5
807.3 340.1
869.9 339.7
1035.1 341.7
1035.1 341.7
802.9 342.6
781.3 344.9
777.7 349.9
855.7 350.3
1000.3 351.1
1059.4 351.6
1059.4 351.6
791.0 352.9
791.0 352.9
844.8 355.7
204.9 357.6
717.8 358.6
1123.4 364.4
767.6 364.7
1101.1 365.2
835.6 368.0
835.6 368.0
996.4 369.2
713.0 371.0
903.0 371.9
1062.3 371.9
1062.3 371.9
1452.8 373.9
926.1 376.2
825.2 383.1
1104.3 383.2
820.7 384.4
911.5 385.4
913.1 388.0
1036.5 389.2
728.1 390.0
735.9 389.8
980.0 392.4
733.8 393.9
1404.8 395.5
919.3 396.9
919.3 396.9
955.3 397.8
1020.9 397.8
1491.3 398.4
1405.2 399.0
966.3 400.8
1046.2 403.0
1072.2 402.9
1072.2 402.9
971.3 403.8
1038.6 403.8
243.2 404.6
968.7 405.4
968.7 405.4
854.8 407.1
854.8 407.1
1027.8 409.4
1027.8 409.4
823.2 409.6
823.2 409.6
973.7 409.6
748.3 410.9
748.3 410.9
1014.2 411.2
1014.2 411.2
773.6 413.2
773.6 413.2
883.3 414.7
883.3 414.7
918.0 414.9
1101.0 415.0
1002.9 417.8
1244.5 419.8
871.4 422.5
867.3 422.5
1453.7 423.0
902.0 426.1
902.0 426.1
895.6 429.7
875.7 430.6
887.5 431.3
1095.3 431.9
735.7 432.4
735.7 432.4
878.9 432.7
878.9 432.7
1017.6 434.4
1058.8 435.3
855.3 436.1
855.3 436.1
832.3 436.6
923.8 437.7
850.9 438.6
856.9 439.4
856.9 439.4
1439.2 439.3
950.3 440.9
1003.7 440.8
1037.9 443.1
1095.9 443.1
1095.9 443.1
1044.1 447.4
910.0 447.8
871.1 449.5
941.2 449.4
795.1 449.9
889.6 451.0
970.8 452.6
826.9 454.2
843.9 453.5
961.0 455.4
1080.1 456.1
1080.1 456.1
843.6 457.7
770.1 461.7
1074.6 472.2
1074.6 472.2
862.9 473.2
1086.8 476.8
936.3 477.8
1287.0 480.1
936.1 482.1
1069.0 484.3
1000.2 484.7
407.5 486.0
986.4 487.9
860.5 488.7
860.5 488.7
860.5 488.7
908.0 489.8
641.6 493.3
784.9 493.0
784.9 493.0
926.6 494.3
926.6 494.3
991.3 494.6
829.2 497.1
829.2 497.1
1363.8 496.7
1047.3 499.9
1047.3 499.9
958.0 503.7
970.7 503.7
970.7 503.7
981.8 504.8
950.4 508.3
950.4 508.3
1017.6 510.3
1165.9 509.9
1021.0 514.8
835.3 516.8
1481.5 524.5
1416.1 529.8
1064.2 534.9
1064.2 534.9
881.1 543.2
720.6 544.0
1426.8 572.8
1428.2 576.5
1164.3 577.1
1392.6 581.2
1335.5 582.5
836.9 607.1
787.0 615.9
834.7 618.8
1395.8 627.5
538.7 637.6
752.1 641.8
682.0 647.4
201.0 655.5
201.0 655.5
825.3 670.5
1132.0 671.9
1132.0 671.9
1132.0 671.9
1105.0 677.0
1488.8 682.8
1452.5 689.3
1109.4 690.7
1492.8 692.0
825.6 722.2
1322.1 729.4
1471.3 732.7
1457.4 757.8
1457.4 757.8
938.0 773.9
1398.1 774.2
914.1 781.1
351.1 800.2
670.1 863.4
670.1 863.4
802.9 873.2
979.7 886.2
805.6 888.2
856.7 905.8
819.4 100.7
1253.2 151.1
1248.1 156.3
1258.4 158.0
1300.6 168.4
359.9 172.1
359.9 172.1
627.3 193.1
652.0 195.2
1356.9 200.9
990.2 212.3
1027.0 218.9
1020.2 221.3
1041.3 222.6
981.5 224.5
981.5 224.5
1000.7 224.8
1273.4 228.2
1035.0 232.1
1035.0 232.1
1054.9 234.2
956.8 253.5
935.7 256.2
835.4 265.8
1071.5 270.0
744.6 279.1
1024.7 279.5
786.3 282.0
1011.0 285.1
818.5 287.7
798.1 289.3
283.4 290.3
803.9 290.6
1050.8 290.6
1040.2 293.7
1056.3 294.5
32.5 295.6
1025.5 296.0
1074.4 295.5
1079.0 296.0
25.7 300.4
1066.5 302.7
803.2 305.0
222.5 307.2
997.6 307.3
997.6 307.3
1002.9 309.4
1354.5 313.3
775.0 314.9
949.5 317.7
919.9 319.8
919.9 319.8
705.1 321.0
721.0 325.2
1029.6 328.3
722.8 329.2
798.7 333.1
798.7 333.1
986.3 333.9
1041.5 337.9
1047.3 337.7
1054.0 337.6
13.2 340.8
810.3 345.6
810.3 345.6
805.9 345.6
734.5 347.9
782.3 349.0
782.3 349.0
715.1 351.9
996.2 352.1
836.0 355.2
1221.9 355.2
227.6 356.1
786.5 357.7
1113.9 362.4
1333.0 361.9
1333.0 361.9
1041.1 363.0
1238.0 364.2
862.1 366.2
739.8 367.6
739.8 367.6
753.1 367.5
1125.0 369.5
1094.5 373.1
738.9 374.1
245.5 374.7
245.5 374.7
737.4 379.0
755.6 379.7
1232.6 381.4
1232.6 381.4
966.3 382.7
1019.8 385.2
906.9 385.9
367.9 387.9
743.4 387.5
811.2 387.7
254.6 390.8
1004.3 391.6
777.9 392.6
921.2 392.8
1010.2 392.6
1010.2 392.6
1034.1 392.8
758.0 395.3
1243.5 396.4
715.8 399.7
907.1 406.5
1458.2 408.1
734.1 414.7
1048.8 416.0
1048.8 416.0
1110.2 419.5
1106.0 421.1
1113.1 423.4
1268.8 424.0
1268.8 424.0
809.6 424.9
809.6 424.9
401.3 426.6
1031.2 427.6
551.4 429.6
1047.1 430.7
859.5 432.8
895.6 434.2
895.6 434.2
971.9 433.7
874.0 435.1
806.5 438.9
1039.0 438.6
963.7 441.5
716.2 441.7
1044.5 441.6
959.1 442.7
806.8 444.1
1049.8 446.0
966.2 447.7
802.6 448.9
978.0 448.5
1064.4 450.0
1373.3 449.6
619.0 451.6
815.0 453.2
815.0 453.2
966.7 452.8
886.4 454.4
614.5 459.0
807.1 473.1
807.1 473.1
1219.9 473.2
867.3 474.1
1157.9 480.4
1544.7 481.4
838.4 486.1
838.4 486.1
942.7 485.9
942.7 485.9
1384.8 486.4
861.1 492.9
883.6 495.8
872.0 498.0
872.0 498.0
999.2 499.0
470.3 499.5
983.9 500.4
1012.7 500.8
1007.1 502.2
770.8 504.9
930.2 507.3
930.2 507.3
944.1 508.1
944.1 508.1
1353.6 507.7
927.2 513.2
1007.9 514.6
380.0 517.6
923.1 526.8
643.3 531.8
1057.9 538.9
954.1 539.9
710.8 541.5
1510.6 542.8
1160.4 544.7
1514.3 549.5
570.6 560.9
1425.2 561.1
1099.0 561.7
1385.6 585.4
880.7 590.8
964.3 593.1
964.3 593.1
880.4 595.1
229.2 598.2
1218.5 599.7
582.0 601.3
1141.7 600.9
882.0 611.4
843.6 619.9
843.6 619.9
885.7 640.3
1206.1 643.8
1183.9 649.0
1233.3 649.2
848.0 652.2
859.7 652.0
859.7 652.0
818.6 672.0
818.6 672.0
1198.7 672.0
875.6 690.0
911.5 697.1
911.5 697.1
1561.3 698.4
1561.3 698.4
792.2 706.6
1535.0 708.1
146.2 721.4
1430.3 722.7
1430.3 722.7
300.8 768.6
1334.1 793.7
862.0 811.9
550.9 849.4
701.9 866.6
1081.2 873.7
422.7 887.1
370.9 76.4
765.0 85.1
855.0 92.6
1157.0 102.4
630.8 109.2
463.0 111.8
412.0 127.6
828.3 136.8
796.0 137.7
836.1 138.5
1175.3 154.4
1175.3 154.4
1221.8 161.4
1221.8 161.4
1243.2 166.0
1250.7 168.7
1263.2 173.8
1263.2 173.8
777.6 175.0
906.1 185.4
332.4 198.6
981.8 220.1
965.5 222.4
650.1 225.5
1229.1 236.6
1229.1 236.6
270.3 245.7
998.8 247.8
998.8 247.8
808.0 250.3
931.5 251.8
996.4 253.3
1044.4 260.0
1044.4 260.0
940.8 260.5
144.3 264.8
758.9 268.0
994.5 270.5
1071.6 279.4
1316.8 279.9
1065.4 281.2
574.2 286.9
1015.8 296.7
1015.8 296.7
363.9 297.0
240.8 302.0
1010.4 306.6
235.8 306.9
1061.0 309.3
221.7 312.5
900.6 311.5
164.6 313.3
906.4 312.5
906.4 312.5
771.0 322.4
181.5 328.7
1048.3 332.3
697.6 334.4
797.1 338.5
749.9 343.9
247.7 344.9
740.1 347.0
1039.1 346.8
253.4 352.3
1114.7 352.9
174.9 354.3
193.0 357.4
193.0 357.4
187.0 360.4
187.0 360.4
201.9 362.3
386.0 366.9
937.8 367.7
820.5 378.2
871.9 382.2
730.7 384.0
730.7 384.0
1003.0 386.6
1027.3 387.2
765.5 388.9
765.5 388.9
891.5 392.4
891.5 392.4
897.5 393.8
1237.3 395.0
1237.3 395.0
66.3 396.1
1480.8 397.4
1001.4 399.2
1100.4 401.2
767.8 412.5
753.5 417.1
857.3 417.9
375.2 420.0
974.1 421.2
1024.1 423.0
803.1 425.7
803.1 425.7
887.6 425.7
887.6 425.7
828.7 427.4
1097.1 428.4
203.9 428.5
203.9 428.5
868.6 429.5
868.6 429.5
1007.1 429.7
809.3 430.7
819.3 433.7
902.5 434.5
902.5 434.5
837.4 435.6
904.1 440.6
910.8 441.0
745.7 443.8
798.5 443.7
825.6 444.4
983.2 445.4
721.2 446.6
1235.3 447.4
736.2 450.5
736.2 450.5
881.2 452.0
150.1 452.8
150.1 452.8
517.4 453.0
867.0 461.1
1100.2 465.0
797.3 466.9
1068.3 477.6
966.2 484.5
865.2 486.5
643.8 487.2
963.9 493.3
963.9 493.3
963.9 493.3
495.3 496.2
888.4 496.5
1055.2 497.1
1055.2 497.1
901.6 501.8
116.8 503.1
761.2 504.1
805.7 503.7
805.7 503.7
842.3 508.2
1008.3 508.1
384.6 508.8
507.6 516.8
997.7 519.4
896.6 523.1
1100.4 524.5
796.3 525.3
890.3 524.7
176.3 531.1
1250.0 544.3
749.6 547.4
1186.2 555.5
1222.5 571.2
326.7 573.5
1538.9 584.2
807.9 586.2
971.5 586.9
1216.0 587.9
437.0 596.7
518.0 598.4
1403.6 607.6
990.4 609.8
1410.4 611.5
1410.4 611.5
170.7 617.0
170.7 617.0
283.9 626.6
240.1 632.1
1435.5 650.1
1465.0 653.8
1355.6 661.4
1502.6 666.9
1502.6 666.9
1569.5 679.0
930.6 688.8
1479.7 690.7
1287.5 706.4
1460.6 716.1
1476.1 729.0
853.3 741.1
1378.7 745.1
857.1 746.4
857.1 746.4
1385.5 746.5
783.7 758.3
1169.2 760.4
1456.0 764.9
1251.8 778.4
1043.6 783.0
1193.5 834.9
1193.5 834.9
666.4 860.2
666.4 860.2
1037.4 45.0
613.4 71.0
703.6 95.9
291.6 98.1
463.0 111.9
463.0 111.9
1182.1 130.5
762.3 132.9
1170.3 132.7
579.1 134.4
828.7 136.2
1214.9 153.1
614.1 156.7
605.5 158.4
547.2 159.8
1209.2 204.5
279.3 213.7
955.7 217.2
942.9 219.2
287.1 222.6
532.9 224.8
543.8 231.2
1229.2 236.8
1229.2 236.8
1237.7 237.7
81.8 239.4
1245.5 239.2
1350.8 250.1
1350.8 250.1
996.7 253.6
996.7 253.6
1264.2 253.0
1262.2 261.6
1007.4 269.9
1327.1 278.9
870.8 301.3
1020.8 303.2
1353.7 306.8
1353.7 306.8
760.3 307.6
1143.8 310.8
431.7 314.5
431.7 314.5
774.3 314.3
808.0 316.0
216.9 319.2
740.4 319.7
854.3 320.5
255.8 322.3
904.1 321.7
904.1 321.7
1175.8 321.0
911.8 324.2
911.8 324.2
956.3 324.1
704.8 330.3
704.8 330.3
731.6 330.6
731.6 330.6
993.9 330.2
993.9 330.2
725.0 334.1
725.0 334.1
1035.1 333.3
1035.1 333.3
1072.6 336.8
993.7 342.9
293.5 343.4
293.5 343.4
256.0 345.5
1001.8 345.9
1107.3 352.6
1107.3 352.6
1115.4 353.5
1241.8 357.5
1106.0 360.0
722.7 362.0
732.8 366.5
1069.0 369.1
54.4 377.2
817.9 386.9
1027.4 387.0
1069.7 389.2
582.2 391.5
582.2 391.5
590.1 390.9
1018.3 391.9
74.9 394.2
74.9 394.2
1078.6 394.5
970.4 395.1
970.4 395.1
877.7 399.6
1235.5 404.6
1082.5 409.3
1056.0 413.2
978.4 415.6
978.4 415.6
382.6 419.2
772.0 418.2
772.0 418.2
772.0 418.2
985.1 417.1
731.1 420.3
834.5 420.1
746.2 424.6
754.0 424.4
193.2 427.4
739.2 428.8
769.2 427.3
726.9 429.6
726.9 429.6
981.4 439.3
981.4 439.3
871.2 439.8
871.2 439.8
956.1 440.8
898.0 441.8
972.9 442.8
407.0 462.8
1196.0 466.2
1196.0 466.2
1305.2 468.0
1055.2 472.7
1295.0 472.8
1396.9 475.5
1333.0 480.8
1003.7 482.4
1020.5 485.4
770.2 489.1
993.9 492.5
583.4 493.9
758.8 494.1
904.2 494.5
912.5 495.8
603.8 500.3
603.8 500.3
603.8 500.3
579.5 503.8
579.5 503.8
798.7 504.8
912.4 512.3
527.8 514.4
988.9 518.2
562.0 526.2
1357.9 530.2
384.8 539.0
1518.4 543.7
611.4 554.0
1560.3 560.6
1399.1 562.2
1439.8 561.1
1439.8 561.1
1439.8 561.1
792.3 566.0
802.0 568.6
684.8 573.8
684.8 573.8
1522.8 574.6
410.0 577.5
1429.9 578.8
1327.5 581.9
166.8 582.8
594.3 589.5
594.3 589.5
1452.1 591.0
1452.1 591.0
847.3 596.2
328.6 607.0
1123.5 612.6
870.2 614.5
170.9 616.9
272.6 615.5
1235.3 622.6
1243.0 626.3
1256.3 630.6
1236.2 632.7
1441.7 636.7
1441.7 636.7
687.7 651.5
1481.3 658.4
1196.5 662.5
1542.6 707.4
477.5 709.4
975.0 717.4
1537.7 718.5
299.1 739.9
299.1 739.9
1281.9 753.0
1371.6 753.7
851.9 766.5
1099.3 781.0
1306.5 791.0
979.3 814.0
1193.1 835.1
1006.7 853.1
1053.9 858.2
497.0 859.7
600.4 69.1
733.9 75.8
385.4 83.3
1163.9 114.0
1175.6 113.2
723.5 125.5
305.9 153.5
300.8 167.0
938.4 177.2
1253.7 181.4
504.1 184.7
504.1 184.7
219.4 190.0
219.4 190.0
1364.5 207.7
952.4 210.8
568.3 238.1
995.9 239.3
1003.8 244.1
71.9 272.6
71.9 272.6
836.2 274.9
985.7 277.5
985.7 277.5
1022.1 278.0
1022.1 278.0
490.8 280.5
820.7 283.7
820.7 283.7
989.7 290.1
1004.5 289.6
997.1 297.3
997.1 297.3
1320.7 305.6
771.1 307.2
743.7 313.9
726.4 315.7
298.2 318.0
731.5 321.6
808.7 325.1
808.7 325.1
1233.3 326.0
223.6 329.7
1251.5 339.1
1251.5 339.1
979.2 342.3
776.8 350.0
1066.1 360.3
1232.7 359.5
1232.7 359.5
260.3 364.6
701.8 367.4
995.2 368.8
995.2 368.8
761.4 370.3
1090.8 369.7
750.3 371.8
750.3 371.8
898.0 372.0
967.4 373.1
1108.5 375.0
1386.4 374.7
395.7 377.3
772.8 386.2
910.0 396.1
33.5 404.7
733.1 403.9
733.1 403.9
733.1 403.9
973.5 407.5
806.8 410.9
877.1 413.0
964.3 412.6
806.6 419.3
1049.0 422.8
448.3 424.4
363.1 425.9
993.1 428.9
993.1 428.9
1052.5 430.1
992.8 438.9
992.8 438.9
615.2 443.2
1519.3 449.5
1098.0 453.2
824.7 464.1
1353.6 463.3
1343.7 466.3
1343.7 466.3
1027.5 467.9
1018.8 471.8
590.4 477.7
590.4 477.7
850.9 477.6
80.8 480.3
199.1 482.4
1303.7 482.8
118.7 490.0
847.0 489.2
847.0 489.2
1484.5 490.0
1032.6 499.2
973.8 502.3
873.3 505.0
873.3 505.0
451.3 508.9
899.5 513.1
919.6 515.3
1322.8 519.0
1537.8 528.7
1537.8 528.7
1372.9 532.3
666.4 541.2
666.4 541.2
611.2 545.8
611.2 545.8
652.4 545.8
661.8 550.8
734.5 552.4
554.7 557.5
1236.7 565.8
825.5 575.8
1031.0 583.9
1439.8 585.8
1328.7 592.4
1338.6 591.7
1076.2 596.4
1076.2 596.4
607.3 598.7
249.2 603.4
849.8 604.8
243.6 610.8
1091.0 610.5
1091.0 610.5
1246.6 610.2
113.2 612.1
113.2 612.1
113.2 612.1
243.6 623.6
579.1 630.0
685.4 636.6
1576.5 636.0
1427.8 638.6
1290.1 641.0
236.0 645.7
751.9 646.9
751.9 646.9
1199.9 645.7
1276.7 656.0
1340.5 660.1
1111.3 676.1
563.7 677.7
740.2 677.8
740.2 677.8
1325.1 677.2
1327.3 688.6
1327.3 688.6
1327.3 688.6
1560.4 688.6
168.7 696.4
738.1 700.5
1268.1 705.3
260.1 708.7
990.4 722.6
1275.1 723.6
790.1 725.5
865.2 726.1
1145.2 726.2
1573.2 726.9
1511.7 737.0
1279.5 745.3
891.5 750.5
1467.9 749.6
439.4 824.2
1195.0 826.8
446.0 849.2
942.6 878.2
574.7 886.6
733.9 58.6
327.0 68.3
396.0 96.4
396.0 96.4
794.9 145.6
1197.2 168.5
1056.4 188.8
503.1 202.4
1371.9 214.5
1396.4 224.4
1344.9 236.7
182.0 249.5
84.8 252.1
84.8 252.1
114.5 252.7
114.5 252.7
58.1 261.5
1033.1 276.1
188.9 303.8
985.7 304.9
405.0 316.6
758.8 317.7
992.2 320.8
992.2 320.8
130.8 334.5
130.8 334.5
1027.2 341.0
1042.8 341.3
1025.4 352.6
1025.4 352.6
760.5 358.8
760.5 358.8
1056.8 374.9
1123.8 387.5
47.8 389.7
47.8 389.7
1378.1 389.6
726.3 395.1
726.3 395.1
47.0 401.8
985.0 401.8
246.8 406.0
1163.0 408.5
1163.0 408.5
893.0 418.8
893.0 418.8
205.0 420.9
1452.1 423.1
1494.7 432.6
142.2 440.0
858.0 456.7
149.5 464.9
1038.6 464.7
1038.6 464.7
65.3 493.5
65.3 493.5
1017.2 495.7
961.8 507.8
961.8 507.8
1216.1 519.5
1177.2 532.4
680.2 541.7
1189.8 546.4
1189.8 546.4
230.7 554.3
276.2 562.7
707.5 586.4
1095.3 592.0
1095.3 592.0
237.9 595.4
1449.0 601.0
1449.0 601.0
193.5 614.3
648.8 617.4
639.2 624.0
639.2 624.0
739.0 646.8
1403.3 648.9
914.8 656.2
737.7 664.2
376.8 667.4
552.4 668.6
552.4 668.6
617.9 667.2
162.4 683.3
1426.2 700.6
1253.5 706.5
1239.3 708.8
1152.0 716.7
1152.0 716.7
653.5 739.1
1354.4 754.7
1354.4 754.7
1351.7 768.6
1150.7 793.2
533.5 860.2
1129.5 43.1
602.0 82.5
596.3 104.0
884.4 103.6
884.4 103.6
134.9 145.6
134.9 145.6
296.7 223.7
296.7 223.7
1015.1 257.1
1015.1 257.1
1033.9 262.9
1307.4 283.7
1307.4 283.7
955.2 287.5
955.2 287.5
267.9 308.6
302.6 341.2
1270.3 353.4
1270.3 353.4
392.7 358.4
867.0 366.4
867.0 366.4
384.3 380.7
384.3 380.7
711.1 378.7
805.5 379.6
1085.4 385.1
710.5 393.5
710.5 393.5
946.3 419.7
751.9 436.8
185.7 444.1
1496.2 448.0
1051.2 457.9
837.9 471.4
832.6 488.4
832.6 488.4
981.3 511.0
1200.0 528.6
253.9 544.0
1473.6 544.0
588.1 559.8
588.1 559.8
244.7 562.9
244.7 562.9
405.5 607.3
1159.3 612.3
1159.3 612.3
214.0 621.4
770.1 618.2
770.1 618.2
1481.3 624.3
1481.3 624.3
781.9 627.7
781.9 627.7
370.9 629.7
844.1 632.0
205.8 637.7
331.8 663.4
1240.6 689.8
1240.6 689.8
1309.4 686.9
1309.4 686.9
641.4 693.7
641.4 693.7
812.3 699.5
633.5 710.2
1305.3 716.6
1305.3 716.6
1139.6 781.0
1053.3 783.9
1004.3 786.5
635.6 806.8
640.9 842.5
736.3 844.2
530.2 847.9
646.6 855.2
646.6 855.2
815.5 264.1
815.5 264.1
1010.8 280.1
304.7 287.3
304.7 287.3
155.1 298.7
911.7 306.7
136.7 310.5
136.7 310.5
779.8 318.8
779.8 318.8
1145.7 319.3
1069.8 333.6
1069.8 333.6
285.9 431.1
285.9 431.1
304.9 440.0
304.9 440.0
292.6 457.1
310.2 465.9
629.0 470.0
625.1 489.6
625.1 489.6
1397.7 493.8
1397.7 493.8
347.9 525.5
843.3 541.5
360.1 575.3
1376.1 586.0
1376.1 586.0
623.5 603.2
623.5 603.2
1004.9 617.3
304.0 655.1
1227.8 656.1
1227.8 656.1
1473.0 666.4
1473.0 666.4
1473.0 666.4
338.4 679.0
338.4 679.0
598.8 684.8
1506.8 692.9
1506.8 692.9
476.4 775.7
1043.0 796.2
1043.0 796.2
744.0 78.4
744.0 78.4
1051.0 346.9
1051.0 346.9
558.5 404.4
558.5 404.4
558.5 404.4
258.1 414.8
258.1 414.8
780.0 418.5
780.0 418.5
492.8 445.1
492.8 445.1
518.1 473.4
518.1 473.4
638.4 531.0
217.0 585.5
1156.0 680.3
1156.0 680.3
1040.5 742.6
443.3 807.2
1020.0 223.9
326.3 239.8
326.3 239.8
440.9 494.2
440.9 494.2
401.7 560.2
1289.6 568.3
1289.6 568.3
692.3 593.8
1053.4 595.2
1052.6 623.9
264.7 739.8
264.7 739.8
264.7 739.8
828.9 641.3
828.9 641.3
526.4 716.4
1076.0 741.8
1026.8 748.3
1026.8 748.3
1209.7 213.9
1209.7 213.9
834.0 560.8
618.0 703.4
1066.6 602.1
283.6 595.8
723.7 413.5
723.7 413.5
775.3 304.9
219.7 410.1
721.9 446.9
155.4 336.8
712.2 378.9
256.5 346.1
256.1 345.9
256.1 345.9
287.5 243.3
186.8 333.3
186.8 333.3
744.8 392.3
741.5 389.9
828.5 504.9
914.1 523.2
801.1 568.9
811.6 299.2
900.2 514.0
391.3 112.6
757.0 362.0
757.0 362.0
733.6 382.8
770.6 281.6
764.1 378.3
161.4 324.8
795.1 344.5
795.1 344.5
795.1 344.5
791.5 336.3
791.5 336.3
788.5 290.4
788.5 290.4
788.5 290.4
723.8 339.3
748.5 468.9
748.5 468.9
883.0 539.2
883.0 539.2
159.3 270.1
1052.5 342.4
1052.5 342.4
1053.2 343.4
1053.2 343.4
1050.8 352.3
1050.8 352.3
740.6 347.8
742.7 348.0
1324.8 679.0
819.2 265.6
819.2 265.6
175.2 314.7
175.2 314.7
796.8 329.2
796.8 329.2
963.1 367.7
963.1 367.7
916.1 534.9
1006.0 210.7
1006.0 210.7
1058.9 451.1
1285.9 647.4
781.4 261.2
987.2 290.9
1253.2 704.8
1254.6 701.6
864.6 431.5
864.6 431.5
864.6 431.5
234.1 307.7
1214.5 342.8
1212.3 342.6
265.0 325.1
265.0 325.1
265.0 325.5
265.0 325.5
894.1 346.7
1023.9 403.5
1023.9 403.5
816.9 523.8
795.5 346.6
1103.9 359.8
986.4 402.5
864.4 364.9
830.0 369.3
830.0 369.3
999.2 366.3
999.2 366.3
351.0 94.2
351.0 94.2
923.2 485.8
1317.1 706.1
1070.1 289.2
1070.1 289.2
819.8 311.8
819.8 311.8
1032.9 402.4
999.3 315.9
927.7 531.7
1274.3 678.1
725.5 351.9
1040.2 398.0
1040.2 398.0
886.5 230.3
872.3 513.7
801.7 266.9
1005.6 392.2
401.7 567.3
901.8 359.0
1027.4 508.8
1027.4 508.8
842.6 523.8
890.1 400.8
920.3 774.8
957.0 597.5
957.0 597.5
438.1 462.4
835.5 602.0
1027.8 276.8
1026.2 313.0
1026.2 313.0
831.7 674.5
831.7 674.5
1198.4 136.2
1059.0 435.8
1048.4 482.3
821.0 539.6
738.5 700.7
782.4 366.1
1073.2 327.7
1073.2 327.7
1067.7 483.5
1067.7 483.5
1012.4 280.7
1012.4 280.7
880.8 436.3
841.4 612.4
1133.7 624.6
1017.5 222.8
1029.0 468.8
1029.0 468.8
1029.2 474.4
1029.2 474.4
983.0 429.0
983.0 429.0
1491.6 565.1
652.7 638.4
1007.6 854.4
1011.0 851.9
1011.0 851.9
902.9 432.2
675.9 662.5
760.9 684.9
1064.8 530.0
1233.1 146.0
1003.9 244.9
1003.9 244.9
1307.5 398.6
1131.3 487.8
1131.3 487.8
1057.3 588.1
1035.2 384.3
1347.4 452.2
891.6 436.5
1019.7 380.0
995.4 271.3
747.6 887.4
747.6 887.4
1060.1 304.8
1060.1 304.8
1004.6 303.1
1009.3 520.1
1079.2 419.1
1076.8 427.3
1364.7 681.9
987.8 522.0
1295.5 691.2
1030.2 487.3
1236.7 181.2
1174.1 569.8
1153.9 757.9
1038.9 793.8
1038.9 793.8
1062.2 273.1
1062.2 273.1
1089.5 370.2
1132.7 799.3
1035.4 256.2
1035.4 256.2
1113.8 424.7
1113.8 424.7
1113.8 426.5
1113.8 426.5
945.6 489.7
1260.5 509.2
1584.8 576.1
946.9 638.9
902.5 683.7
1097.5 432.2
1097.5 432.2
1023.4 370.5
949.6 443.8
1057.4 406.8
1057.4 406.8
991.9 501.5
991.9 501.5
999.2 715.4
1280.0 569.4
1069.7 406.5
1006.4 498.4
839.4 542.6
981.4 533.6
874.4 485.5
874.4 485.5
935.6 538.7
950.6 532.1
950.6 532.1
969.0 469.0
888.5 506.4
667.2 860.6
667.2 860.6
668.2 860.6
1036.5 825.0
1356.0 752.9
1356.0 752.9
985.5 714.1
979.5 716.4
1041.4 633.2
972.5 440.1
1488.9 733.7
1195.9 827.5
1469.6 760.2
1010.4 305.0
992.1 814.5
743.0 645.3
1084.3 860.6
1070.7 722.4
1002.6 787.7
1033.1 852.4
618.4 562.9
1227.9 612.4
957.0 681.7
980.1 762.1
980.1 762.1
1074.3 632.1
1208.6 646.7
1208.6 646.7
1044.7 689.7
1044.7 689.7
1018.4 528.6
922.3 706.7
1100.4 780.6
1072.1 278.9
963.9 493.5
1154.6 651.0
1079.9 688.1
1079.9 688.1
1010.7 261.7
1093.7 346.9
1379.1 745.9
1128.1 375.9
1028.2 422.1
1028.2 422.1
958.2 449.4
822.9 535.2
849.4 595.8
795.0 722.2
1102.1 334.0
791.4 668.6
1023.0 673.4
1232.7 766.8
890.2 543.1
662.0 551.5
763.3 784.3
1032.6 238.2
1108.5 378.6
691.7 581.2
674.4 576.0
1523.0 687.3
1523.0 687.3
1457.3 687.8
1457.3 687.8
1045.9 378.0
802.2 509.8
707.2 611.1
848.7 619.6
848.7 619.6
832.2 518.4
1179.9 664.7
867.0 714.7
860.0 717.3
892.8 750.3
892.8 750.3
1520.8 633.4
813.8 680.4
1215.1 707.8
1195.0 420.5
988.5 602.2
988.5 602.2
470.8 891.4
470.8 891.4
1141.8 339.8
765.9 416.3
947.3 579.4
1263.5 680.0
859.2 746.6
859.2 746.6
867.6 817.0
1276.0 187.4
1275.5 187.5
1275.5 187.5
1016.5 339.6
1239.7 381.3
1239.7 381.3
1463.6 434.3
765.2 322.5
765.2 322.5
765.2 322.5
1115.9 369.4
823.9 430.6
1237.2 473.8
810.9 479.7
810.9 479.7
1560.8 675.5
1187.4 485.9
1485.6 574.5
1231.8 660.7
733.1 323.5
1013.6 372.3
1552.4 628.2
1552.4 628.2
1395.7 656.8
913.1 735.1
903.0 303.4
748.9 372.6
863.8 452.4
1150.2 299.9
632.5 710.2
632.5 710.2
632.9 710.2
632.9 710.2
632.9 710.2
1034.7 753.0
547.8 824.8
547.8 824.8
807.3 444.3
807.3 444.3
1371.6 301.7
1240.4 404.2
1240.4 404.2
678.3 518.1
678.3 518.1
678.1 518.4
644.9 682.9
822.4 197.6
564.9 729.0
569.1 487.1
567.5 487.5
1249.3 339.6
1249.3 339.6
393.2 355.2
613.8 496.1
1374.7 653.1
845.4 440.5
845.4 440.5
299.7 519.8
299.7 519.8
1564.8 633.5
1158.2 480.3
727.9 388.3
813.2 460.5
813.2 460.5
302.2 656.4
838.7 315.8
604.3 713.1
496.9 860.7
715.0 546.7
323.0 755.8
913.6 311.1
812.5 340.4
911.7 178.4
1020.7 275.8
771.8 343.6
745.3 747.4
1335.7 247.1
532.6 496.3
248.2 590.4
248.2 590.4
286.8 609.1
487.1 784.2
193.6 209.0
193.6 209.0
852.7 265.9
852.7 265.9
909.8 385.1
909.8 385.1
758.0 378.2
459.3 724.6
856.4 429.1
806.2 332.5
598.7 432.3
1278.6 636.6
868.3 291.2
785.9 283.7
875.1 425.8
728.1 436.0
728.1 436.0
799.9 454.0
799.9 454.0
848.6 701.6
1333.5 357.0
776.9 286.3
776.9 286.3
910.4 367.1
910.4 367.1
66.8 403.6
96.3 303.2
88.0 420.0
705.1 533.1
705.1 533.1
455.1 791.4
455.1 791.4
746.8 423.5
819.0 409.5
336.5 601.7
361.1 638.0
361.1 638.0
706.8 315.6
733.9 553.9
924.8 338.0
924.8 338.0
865.1 337.1
554.1 651.6
795.0 347.8
919.7 397.4
919.7 397.4
822.1 490.4
822.1 490.4
845.0 387.8
845.0 387.8
872.8 582.4
1010.2 211.1
769.8 461.5
863.8 415.2