1075.4 43.9
535.0 49.7
1408.2 198.2
1408.2 198.2
1404.2 202.0
1358.2 196.3
1358.2 196.3
1366.5 212.8
1351.6 219.1
1421.3 230.0
1421.3 230.0
850.3 140.3
960.3 208.2
1001.2 213.9
1015.3 222.8
980.3 219.3
1015.3 228.6
320.7 138.5
320.7 138.5
973.0 223.9
976.0 232.3
1017.7 243.8
1551.7 343.8
1066.5 261.6
1023.0 257.9
1023.0 257.9
926.9 250.0
926.9 250.0
1033.8 266.3
1033.8 266.3
1048.3 268.6
1048.3 268.6
847.2 241.9
851.1 243.6
815.1 242.1
815.1 242.1
1015.7 273.0
963.9 267.9
749.8 236.2
759.0 245.2
759.0 245.2
972.2 284.1
781.9 259.4
820.5 266.0
1031.1 299.4
1000.6 295.9
1000.6 295.9
1036.5 303.1
932.1 289.8
829.6 278.1
1057.5 314.6
1044.2 315.5
1044.2 315.5
940.2 300.2
940.2 300.2
930.3 300.5
930.3 300.5
930.3 303.9
949.1 307.7
949.1 307.7
954.0 309.8
1601.7 426.8
394.6 232.8
770.2 283.8
1550.4 422.7
718.7 276.7
251.5 214.5
702.0 280.6
947.3 322.0
1065.7 341.6
1000.3 332.1
824.9 307.0
666.5 282.5
1219.4 385.6
1228.4 388.6
673.6 287.2
749.0 303.3
811.7 313.3
992.1 345.9
992.1 345.9
743.7 304.3
720.3 303.9
714.6 307.4
789.3 319.7
951.2 349.8
1014.5 360.8
1014.5 360.8
726.6 312.3
726.6 312.3
775.2 323.1
270.8 249.8
658.2 307.4
1089.1 387.9
698.9 320.2
1059.4 382.7
759.3 333.0
759.3 333.0
936.7 365.4
649.8 318.9
821.6 347.0
1011.0 381.4
1011.0 381.4
1551.0 486.8
843.1 355.5
741.0 345.2
1057.9 402.1
736.0 345.9
823.2 360.7
822.8 363.9
972.8 393.2
656.3 338.9
662.5 340.0
899.1 383.0
659.1 343.4
1482.0 498.0
825.8 373.9
825.8 373.9
867.6 382.6
949.1 398.4
1584.8 520.4
1480.0 501.9
878.3 388.1
977.0 408.6
1010.0 415.2
1010.0 415.2
882.6 391.9
967.0 407.4
282.5 295.7
878.9 392.8
878.9 392.8
757.9 372.8
757.9 372.8
952.0 411.5
952.0 411.5
728.6 370.7
728.6 370.7
882.4 398.1
666.7 362.8
666.7 362.8
935.7 410.0
935.7 410.0
686.2 367.7
686.2 367.7
781.5 385.2
781.5 385.2
818.4 392.2
1044.8 435.0
915.4 412.9
1278.7 489.0
767.9 390.9
764.2 390.5
1527.4 537.7
798.1 400.3
798.1 400.3
790.6 402.4
769.9 400.0
781.8 402.8
1031.4 450.9
653.1 383.2
653.1 383.2
773.3 403.1
773.3 403.1
927.5 433.3
979.8 444.5
749.3 402.1
749.3 402.1
729.2 399.7
818.1 416.2
744.6 404.1
750.0 406.1
750.0 406.1
1500.0 551.4
846.1 425.0
907.3 436.0
951.7 447.6
1028.9 463.4
1028.9 463.4
958.5 453.9
801.4 424.3
761.7 419.0
834.2 431.8
694.9 407.8
779.5 423.7
866.2 441.3
721.0 416.8
735.9 418.8
855.0 442.0
1002.2 471.9
1002.2 471.9
734.8 422.9
674.9 417.0
992.2 488.2
992.2 488.2
750.9 442.1
1009.8 496.9
825.7 461.2
1297.1 558.8
825.2 465.9
983.8 499.3
897.2 481.9
387.1 393.6
880.4 482.3
747.9 458.8
747.9 458.8
747.9 458.8
796.3 468.8
602.8 440.8
685.5 452.4
685.5 452.4
815.0 477.9
815.0 477.9
885.2 491.4
719.9 462.9
719.9 462.9
1379.8 593.4
955.4 511.1
955.4 511.1
848.5 494.5
863.3 497.5
863.3 497.5
876.2 500.5
840.4 498.0
840.4 498.0
917.7 514.6
1141.5 562.8
921.8 521.8
727.4 485.5
1508.4 650.5
1425.8 640.4
1016.4 565.3
1016.4 565.3
781.0 525.3
655.2 503.9
1415.9 687.6
1415.7 692.2
1104.7 629.2
1370.0 688.0
1300.4 675.1
740.6 586.8
686.3 584.9
732.7 597.6
1349.6 737.8
434.2 554.4
638.5 601.9
565.8 592.4
129.9 505.9
129.9 505.9
697.8 644.9
1019.6 716.1
1019.6 716.1
1019.6 716.1
988.8 714.9
1434.7 820.7
1386.5 817.0
985.0 729.8
1435.5 831.8
671.4 694.0
1207.7 824.0
1387.6 868.8
1357.5 892.0
1357.5 892.0
761.1 769.9
1274.8 892.5
733.3 771.5
188.9 661.7
447.9 792.3
447.9 792.3
573.6 833.4
745.9 890.5
569.0 848.9
609.9 878.0
971.1 107.7
1424.3 222.9
1416.1 226.4
1426.5 230.1
1470.5 247.9
493.3 112.1
493.3 112.1
734.4 166.4
756.3 171.6
1520.4 289.6
1000.0 210.4
1034.5 221.6
1026.6 223.1
1052.2 228.9
985.7 220.5
985.7 220.5
1003.2 223.7
1410.1 302.8
1038.1 236.7
1038.1 236.7
1063.2 243.2
948.7 245.8
928.0 246.1
824.0 240.3
1071.3 283.6
728.2 239.9
1010.8 283.1
765.0 247.2
993.1 286.1
793.0 257.6
771.8 255.3
370.9 203.2
777.1 257.9
1036.3 299.1
1023.6 300.2
1042.5 304.7
154.8 172.9
1006.1 300.0
1063.5 309.4
1069.4 311.4
146.0 175.9
1051.4 314.8
762.0 269.6
308.7 208.8
971.9 306.6
971.9 306.6
976.3 309.2
1462.9 404.0
729.9 274.0
916.6 308.9
882.9 305.2
882.9 305.2
662.6 269.9
672.8 275.9
991.7 331.5
673.3 280.0
744.2 295.1
744.2 295.1
943.3 329.5
999.9 342.9
1007.8 344.2
1014.0 345.3
118.5 208.6
750.0 308.6
750.0 308.6
745.7 307.9
676.6 299.6
719.1 307.7
719.1 307.7
658.0 301.5
946.3 349.9
766.5 321.2
1286.6 419.9
290.8 251.5
720.0 316.5
1077.0 383.4
1414.9 448.8
1414.9 448.8
990.7 368.9
1301.3 432.3
786.4 335.9
673.3 318.6
673.3 318.6
685.0 320.3
1090.1 393.9
1048.5 390.3
669.6 325.0
297.6 270.3
297.6 270.3
667.0 329.2
682.4 332.7
1285.6 448.0
1285.6 448.0
888.4 370.0
954.2 385.8
817.3 361.2
400.0 299.8
669.2 338.8
725.8 347.3
298.2 285.7
934.8 388.9
695.7 348.0
829.6 370.5
940.3 391.0
940.3 391.0
967.4 396.5
678.4 348.1
1290.4 465.8
644.3 347.3
809.2 380.9
1540.2 522.7
654.8 364.2
974.4 423.3
974.4 423.3
1056.6 442.6
1050.9 443.7
1060.2 448.1
1304.6 498.4
1304.6 498.4
712.5 384.5
712.5 384.5
411.2 339.7
949.8 430.9
547.5 367.9
966.8 436.9
753.8 399.2
789.7 407.2
789.7 407.2
872.0 421.5
767.1 404.5
706.1 398.4
953.8 442.8
860.9 428.1
638.9 391.0
959.9 447.3
855.3 428.1
705.9 403.6
965.9 453.6
862.0 434.6
701.8 407.3
875.4 438.5
982.7 461.4
1416.0 547.7
601.0 399.8
711.1 413.6
711.1 413.6
861.9 440.3
776.0 426.5
594.1 405.5
702.1 433.8
702.1 433.8
1222.2 537.9
755.2 443.2
1147.4 531.3
1612.5 620.5
727.5 452.3
727.5 452.3
832.0 471.0
832.0 471.0
1409.6 587.7
748.7 463.3
771.3 471.2
759.8 470.7
759.8 470.7
895.1 498.1
439.2 416.7
877.7 495.8
911.2 502.7
904.6 503.4
675.1 463.8
819.1 492.0
819.1 492.0
833.2 495.7
833.2 495.7
1361.9 601.8
816.3 498.3
907.0 517.6
348.5 416.5
815.5 513.9
585.8 477.4
1006.8 567.7
858.2 536.5
646.0 499.0
1535.3 677.3
1117.0 596.3
1537.4 685.0
502.0 490.3
1420.4 674.9
1039.4 599.2
1358.8 690.1
792.9 580.8
878.5 601.3
878.5 601.3
790.6 584.6
179.5 461.1
1154.7 664.8
493.4 530.1
1067.4 647.5
784.1 601.0
741.0 600.6
741.0 600.6
774.5 629.3
1116.4 705.7
1090.7 705.2
1147.1 717.9
729.5 632.2
742.0 634.1
742.0 634.1
690.2 644.6
690.2 644.6
1095.1 732.0
738.7 674.2
771.3 688.6
771.3 688.6
1518.4 857.7
1518.4 857.7
645.4 671.6
1479.8 860.2
54.2 552.7
1341.7 846.7
1341.7 846.7
161.4 623.9
1188.8 894.3
664.8 788.7
342.6 751.0
477.3 802.8
860.4 905.1
211.1 756.2
547.5 30.1
923.0 86.5
1013.6 105.9
1338.7 158.5
776.8 90.7
616.4 72.2
562.0 79.9
963.4 143.4
929.4 139.2
970.3 146.0
1333.5 212.3
1333.5 212.3
1383.5 227.4
1383.5 227.4
1405.9 236.1
1412.7 239.4
1424.6 247.2
1424.6 247.2
892.7 171.0
842.0 147.4
457.4 130.9
988.1 215.9
971.1 217.0
742.1 199.5
1354.6 303.5
1354.6 303.5
378.5 163.5
993.2 246.9
993.2 246.9
805.9 222.0
926.4 240.9
989.7 252.1
1040.5 267.2
1040.5 267.2
931.4 250.8
261.8 161.6
746.3 230.6
981.6 269.2
1067.3 292.2
1434.6 363.4
1058.5 292.6
638.3 242.8
994.0 298.5
994.0 298.5
439.2 220.8
326.6 207.4
985.9 307.9
320.7 210.8
1041.2 320.2
306.0 212.5
864.5 293.0
255.9 205.8
870.4 294.4
870.4 294.4
722.5 280.8
264.1 221.3
1010.0 338.5
650.5 281.9
740.3 300.1
692.5 298.0
313.8 245.3
683.2 299.5
993.9 352.0
315.6 251.9
1082.3 374.2
246.6 242.6
260.8 247.6
260.8 247.6
254.4 248.6
254.4 248.6
266.4 253.4
425.8 284.9
862.6 349.7
738.7 340.0
786.1 351.7
659.5 334.1
659.5 334.1
935.5 383.5
961.8 389.0
686.5 343.0
686.5 343.0
798.4 364.0
798.4 364.0
805.0 366.3
1284.9 462.8
1284.9 462.8
137.2 261.9
1573.9 517.1
927.2 395.3
1047.2 420.9
681.3 366.3
669.0 368.8
755.9 384.7
390.4 329.9
878.5 409.3
941.8 424.6
706.5 384.9
706.5 384.9
783.1 396.5
783.1 396.5
728.2 389.4
1035.3 447.5
238.2 310.4
238.2 310.4
763.2 397.5
763.2 397.5
914.9 425.4
710.9 390.5
718.1 393.6
796.4 408.8
796.4 408.8
733.5 399.0
797.1 414.9
803.4 416.6
658.5 395.4
698.4 401.9
721.7 405.9
881.4 436.7
641.4 396.1
1254.1 514.5
651.3 401.5
651.3 401.5
771.2 423.0
180.9 323.2
180.8 323.3
504.4 383.3
756.0 430.3
1031.0 487.3
694.9 425.4
984.2 491.6
857.7 474.3
752.4 456.7
608.0 436.2
855.0 483.7
855.0 483.7
855.0 483.7
463.7 418.4
776.3 471.8
965.4 509.9
965.4 509.9
790.5 481.6
130.1 359.9
667.9 461.0
703.3 467.6
703.3 467.6
733.0 477.2
906.9 510.5
356.8 409.1
463.1 438.9
895.9 520.2
788.5 503.7
1062.2 562.9
699.2 490.5
782.4 505.1
166.5 394.3
1219.7 615.5
682.6 512.7
1140.7 612.7
1173.8 636.7
274.6 456.7
1550.9 728.8
721.4 561.3
891.0 596.5
1157.3 651.9
361.3 496.8
434.0 514.3
1369.5 718.2
898.6 622.4
1376.6 724.7
1376.6 724.7
122.1 467.1
122.1 467.1
212.8 495.3
173.0 492.1
1387.3 771.5
1420.2 783.4
1284.0 762.0
1461.7 807.9
1461.7 807.9
1540.4 838.4
794.7 686.0
1419.7 826.8
1178.6 790.0
1383.7 848.0
1396.1 866.1
690.1 717.5
1267.8 855.3
691.0 724.1
691.0 724.1
1275.6 859.7
611.3 719.1
1015.6 814.5
1352.8 899.0
1101.2 855.1
867.3 805.2
1004.4 897.0
1004.4 897.0
445.2 788.3
445.2 788.3
1232.0 86.1
777.5 55.1
855.6 89.0
466.7 38.6
616.4 72.2
616.4 72.2
1353.0 190.3
897.7 130.0
1338.4 190.7
715.3 106.9
963.4 143.4
1380.2 217.8
738.2 131.6
729.4 131.8
674.9 126.2
1348.5 267.8
402.5 136.1
963.5 210.7
952.4 211.3
405.3 146.0
628.3 181.0
636.5 189.0
1354.6 303.5
1354.6 303.5
1363.3 305.2
220.5 132.8
1372.6 308.2
1490.8 339.5
1490.8 339.5
989.7 252.1
989.7 252.1
1387.6 325.8
1380.3 333.4
996.0 271.2
1446.3 363.6
843.4 278.9
997.7 306.3
1464.8 396.9
1464.8 396.9
717.7 264.7
1218.7 360.7
492.7 245.9
492.7 245.9
729.9 274.0
762.6 280.6
299.1 218.2
693.1 273.0
810.1 293.8
331.4 226.4
866.1 304.1
866.1 304.1
1249.9 376.1
874.6 308.5
874.6 308.5
917.8 316.0
657.8 279.1
657.8 279.1
681.4 282.5
681.4 282.5
953.5 328.0
953.5 328.0
674.6 284.2
674.6 284.2
995.2 337.5
995.2 337.5
1031.7 346.4
946.8 340.3
355.4 250.4
355.4 250.4
321.4 247.0
954.7 344.1
1072.0 371.8
1072.0 371.8
1082.3 374.2
1308.5 426.7
1068.0 379.5
661.3 311.6
666.5 317.6
1020.2 380.5
136.2 244.4
732.4 347.9
961.8 389.0
1013.1 399.8
595.4 338.3
595.4 338.3
604.0 338.8
950.4 391.9
144.5 262.1
144.5 262.1
1023.6 409.5
886.1 383.8
886.1 383.8
782.1 369.3
1276.2 471.7
1021.4 424.0
984.0 421.4
885.0 404.4
885.0 404.4
397.5 330.4
684.3 372.4
684.3 372.4
684.3 372.4
892.1 408.1
651.4 369.6
736.4 382.7
662.5 376.6
668.3 376.7
228.5 308.5
654.9 379.1
679.3 381.7
647.2 379.0
647.2 379.0
880.5 429.3
880.5 429.3
763.4 408.7
763.4 408.7
852.5 425.8
790.2 415.9
870.9 431.5
398.0 372.7
1199.3 525.4
1199.3 525.4
1322.8 551.5
966.5 482.7
1310.9 553.3
1429.6 579.2
1350.0 570.2
900.0 480.0
920.1 487.7
674.6 446.7
888.9 490.0
546.1 431.1
665.9 450.3
792.6 473.4
800.5 476.0
563.9 440.6
563.9 440.6
563.9 440.6
537.5 440.0
537.5 440.0
697.6 466.8
803.1 494.0
484.5 439.9
886.7 518.2
511.1 457.7
1355.6 627.6
342.7 436.5
1544.9 680.6
544.7 492.1
1590.8 707.9
1388.0 670.2
1439.6 678.1
1439.6 678.1
1439.6 678.1
717.3 538.4
725.3 543.7
605.0 524.0
605.0 524.0
1535.1 713.2
345.6 475.4
1416.9 695.1
1291.7 672.9
135.5 436.4
511.2 521.1
511.2 521.1
1436.8 713.1
1436.8 713.1
756.1 579.1
260.6 487.0
1039.9 655.5
769.6 600.3
122.1 467.1
208.8 483.4
1161.3 691.6
1168.9 697.7
1181.9 704.7
1158.6 702.8
1401.3 758.9
1401.3 758.9
569.4 597.7
1439.9 793.2
1097.3 723.2
1489.8 861.6
342.9 606.8
827.1 723.7
1477.6 872.7
172.5 597.8
172.5 597.8
1148.5 836.9
1254.3 863.3
676.2 743.5
928.1 817.5
1157.7 883.6
783.5 819.1
1004.4 897.0
792.0 865.3
838.9 882.2
288.9 748.2
767.0 51.8
895.5 73.4
558.3 38.0
1340.4 171.2
1355.0 173.4
863.5 118.2
454.4 88.2
443.3 99.3
1059.5 196.7
1410.2 253.7
621.4 142.2
621.4 142.2
360.3 107.8
360.3 107.8
1527.7 298.5
964.1 204.1
656.0 198.6
993.1 236.8
1001.0 243.3
196.8 159.5
196.8 159.5
820.0 249.4
970.5 274.3
970.5 274.3
1007.7 281.6
1007.7 281.6
563.2 224.3
797.0 253.6
797.0 253.6
968.8 288.3
984.4 289.5
974.3 296.4
974.3 296.4
1426.6 390.4
728.4 266.0
700.0 269.0
682.3 267.2
371.3 229.1
684.1 274.3
759.3 290.0
759.3 290.0
1315.4 393.5
299.4 228.7
1327.9 409.5
1327.9 409.5
930.7 336.6
714.0 307.2
1019.4 369.7
1296.6 425.6
1296.6 425.6
316.6 263.9
640.8 314.4
935.8 364.9
935.8 364.9
690.7 324.2
1046.0 386.4
680.3 325.1
680.3 325.1
815.4 346.7
898.9 362.9
1066.0 395.9
1469.9 473.9
430.2 296.0
692.8 341.6
816.3 371.3
105.3 264.8
656.4 353.3
656.4 353.3
656.4 353.3
882.8 395.7
714.5 369.8
775.9 382.1
870.4 398.6
712.6 378.1
970.7 429.4
455.4 346.2
378.1 332.7
897.9 421.5
897.9 421.5
973.1 438.0
894.1 431.6
894.1 431.6
603.8 391.5
1595.0 579.9
1029.3 474.4
718.3 426.3
1385.2 557.5
1371.6 557.3
1371.6 557.3
932.5 470.1
919.4 472.5
561.7 419.0
561.7 419.0
739.6 444.3
110.0 335.9
207.8 355.3
1316.0 566.2
136.3 350.2
735.1 456.4
735.1 456.4
1530.1 614.3
938.1 506.1
867.1 496.4
761.7 479.0
761.7 479.0
417.0 421.8
790.1 493.9
810.4 499.5
1318.9 606.4
1577.4 669.4
1577.4 669.4
1371.2 632.5
603.0 490.7
603.0 490.7
548.1 484.6
548.1 484.6
587.9 492.0
593.5 499.0
665.1 514.0
489.9 483.4
1194.1 635.6
745.6 554.3
955.4 605.5
1426.5 704.6
1289.2 683.7
1299.0 685.6
997.5 627.9
997.5 627.9
519.4 531.6
193.9 469.5
754.8 587.0
187.2 474.8
1006.8 645.0
1006.8 645.0
1180.5 680.9
77.5 453.1
77.5 453.1
77.5 453.1
180.1 485.1
475.7 555.1
575.9 582.1
1572.1 794.5
1382.7 757.6
1214.6 724.5
164.2 503.8
636.1 606.8
636.1 606.8
1109.9 705.9
1192.7 736.0
1266.9 756.2
994.5 716.5
438.3 595.6
608.4 633.5
608.4 633.5
1239.5 771.0
1236.9 784.0
1236.9 784.0
1236.9 784.0
1522.2 846.6
85.0 535.5
595.2 654.7
1158.0 784.0
155.1 563.5
841.0 733.2
1155.1 804.9
635.0 689.3
711.2 706.7
1005.9 774.2
1517.5 891.8
1435.8 885.5
1149.8 827.9
724.1 736.7
1374.6 886.7
255.2 702.5
1010.5 888.8
249.4 727.2
713.6 873.6
348.2 790.1
904.0 58.1
511.7 17.7
560.7 49.5
561.1 49.9
923.6 147.4
1351.7 229.7
1179.8 226.3
611.8 158.0
1534.0 306.1
1556.2 320.9
1490.3 323.3
299.5 153.8
216.4 142.5
216.4 142.5
239.6 147.3
239.6 147.3
192.2 147.9
1021.6 281.5
281.0 202.0
959.2 302.1
469.2 243.7
711.7 274.7
956.8 317.6
956.8 317.6
218.8 219.4
218.8 219.4
983.7 343.7
1001.1 346.8
978.2 356.0
978.2 356.0
695.0 314.1
695.0 314.1
1004.3 383.8
1082.7 411.5
124.8 253.8
124.8 253.8
1454.2 487.1
653.1 344.5
653.1 344.5
118.9 265.0
902.9 394.0
284.4 296.5
1191.1 461.9
1191.1 461.9
791.3 390.9
791.3 390.9
242.1 304.4
1523.8 537.4
1573.4 557.2
180.1 311.5
748.7 424.8
174.8 333.0
946.7 469.7
946.7 469.7
89.2 343.8
89.2 343.8
916.4 498.5
853.2 499.2
853.2 499.2
1194.0 583.8
1141.9 587.1
615.3 494.1
1148.4 603.2
1148.4 603.2
201.7 423.1
237.0 438.7
620.7 540.5
1019.9 628.1
1019.9 628.1
187.2 460.7
1429.4 724.0
1429.4 724.0
143.3 468.9
549.7 557.9
535.6 562.0
535.6 562.0
622.7 603.0
1346.6 761.5
795.5 650.5
612.7 619.0
272.4 549.4
431.8 583.8
431.8 583.8
495.1 597.0
84.3 522.7
1348.6 822.3
1139.3 781.2
1123.9 780.3
1018.9 766.5
1018.9 766.5
492.0 671.6
1232.7 859.8
1232.7 859.8
1222.6 872.8
980.4 843.6
320.9 757.2
1334.0 97.7
764.3 64.8
745.7 82.2
1035.4 119.2
1035.4 119.2
307.6 59.4
307.6 59.4
412.1 147.5
412.1 147.5
1009.4 258.8
1009.4 258.8
1027.4 268.5
1422.5 365.7
1422.5 365.7
934.6 280.2
934.6 280.2
349.2 217.4
362.9 250.7
1341.8 428.4
1341.8 428.4
436.0 278.5
789.7 336.0
789.7 336.0
419.6 297.3
419.6 297.3
645.0 325.6
724.8 338.8
1032.9 400.3
642.1 340.8
642.1 340.8
847.4 401.3
665.0 388.5
214.8 321.9
1568.4 574.2
965.1 465.5
728.0 436.8
723.2 454.5
723.2 454.5
877.8 507.8
1169.8 589.3
226.2 419.2
1490.0 668.4
519.8 492.4
519.8 492.4
210.1 433.0
210.1 433.0
327.7 501.4
1081.1 663.6
1081.1 663.6
157.1 478.9
668.0 583.2
668.0 583.2
1457.7 756.2
1457.7 756.2
675.9 595.4
675.9 595.4
284.9 514.4
736.8 613.1
142.7 491.9
238.7 537.1
1132.2 762.3
1132.2 762.3
1215.5 775.4
1215.5 775.4
503.2 626.9
503.2 626.9
672.5 669.3
488.7 640.2
1195.1 806.9
1195.1 806.9
972.6 828.3
875.5 808.6
825.8 798.6
442.3 730.7
432.2 764.6
524.3 790.2
323.0 743.8
428.7 777.9
428.7 777.9
803.0 235.9
803.0 235.9
998.7 281.4
390.9 203.4
390.9 203.4
253.0 191.7
874.2 290.2
233.4 198.7
233.4 198.7
730.5 277.5
730.5 277.5
1217.5 371.2
1033.2 343.7
1033.2 343.7
307.0 325.4
307.0 325.4
318.8 336.8
318.8 336.8
297.8 348.4
311.3 360.4
601.3 418.0
589.3 435.0
589.3 435.0
1422.7 598.0
1422.7 598.0
316.7 417.5
741.9 515.3
301.7 463.8
1347.4 688.3
1347.4 688.3
534.4 539.6
534.4 539.6
911.5 634.0
216.6 525.3
1138.6 724.2
1138.6 724.2
1425.1 797.9
1425.1 797.9
1425.1 797.9
235.5 551.5
235.5 551.5
468.1 609.0
1455.4 836.4
1455.4 836.4
310.0 667.4
860.2 817.7
860.2 817.7
909.3 80.2
909.3 80.2
1006.4 352.8
1006.4 352.8
567.3 346.4
567.3 346.4
567.3 346.4
292.9 306.9
292.9 306.9
691.8 375.3
691.8 375.3
485.0 372.2
485.0 372.2
491.7 400.0
491.7 400.0
583.1 476.6
175.4 447.8
1037.8 729.7
1037.8 729.7
885.7 764.0
266.2 688.9
1024.2 225.2
436.6 167.3
436.6 167.3
412.6 405.6
412.6 405.6
344.3 458.3
1251.8 649.2
1251.8 649.2
601.3 544.7
972.3 622.3
955.7 649.8
144.7 591.8
144.7 591.8
144.7 591.8
714.1 616.7
714.1 616.7
384.0 623.1
923.8 772.0
864.2 766.8
864.2 766.8
1353.3 280.3
1351.2 280.4
740.1 537.4
478.2 630.7
979.5 630.3
227.7 469.4
647.8 361.8
647.8 361.8
734.4 265.0
260.2 296.9
642.3 396.5
238.1 224.7
647.4 326.2
321.2 247.3
321.2 247.3
321.2 247.3
396.3 163.4
267.0 226.0
267.0 226.0
669.3 343.3
667.4 340.5
720.2 470.9
805.4 507.3
724.2 543.1
775.7 266.0
790.3 493.9
550.1 63.9
691.1 315.8
691.1 315.8
662.9 332.5
750.4 244.7
690.9 331.8
249.3 214.9
732.7 305.2
732.7 305.2
732.7 305.2
736.2 296.7
736.2 296.7
762.7 255.5
762.7 255.5
762.7 255.5
672.0 289.2
659.2 422.0
659.2 422.0
780.9 520.6
780.9 520.6
270.2 168.6
1008.5 349.4
1008.5 349.4
1008.5 349.4
1008.5 349.4
1005.0 359.2
1005.0 359.2
682.7 300.0
684.6 300.3
1238.1 771.6
807.1 237.7
807.1 237.7
265.2 208.7
265.2 208.7
744.2 291.4
744.2 291.4
897.0 357.2
897.0 357.2
811.5 521.9
1018.2 211.1
1018.2 211.1
976.2 461.2
1208.9 729.5
773.3 228.0
965.8 288.4
1141.2 779.8
1142.3 777.7
759.5 398.7
759.5 398.7
759.5 398.7
318.6 211.4
1284.3 405.7
1284.3 405.7
338.4 230.6
338.4 230.6
338.4 230.6
338.4 230.6
832.4 323.3
950.4 404.5
950.4 404.5
716.2 491.1
733.7 307.2
1064.7 378.0
903.3 393.9
789.9 334.9
753.2 332.9
753.2 332.9
941.4 363.1
941.4 363.1
521.8 43.0
521.8 43.0
812.8 467.1
1215.4 798.2
1061.8 302.2
1061.8 302.2
777.0 278.8
777.0 278.8
961.2 405.2
968.7 314.9
822.2 520.2
1178.1 757.9
667.6 302.2
972.3 402.7
972.3 402.7
899.0 216.3
761.2 488.2
788.8 236.0
935.9 389.5
344.9 464.5
831.0 335.6
929.3 515.6
929.3 515.6
736.8 494.9
794.5 372.5
742.0 767.2
870.0 603.1
870.0 603.1
427.6 377.8
742.5 581.7
1015.5 281.0
1000.0 317.2
1000.0 317.2
703.0 650.2
703.0 650.2
1368.8 198.9
979.9 445.0
956.8 491.8
726.6 511.5
596.8 654.2
712.7 323.2
1044.1 339.9
1044.1 339.9
981.4 498.0
981.4 498.0
995.9 281.9
995.9 281.9
774.0 406.8
742.9 592.8
1046.1 669.4
1022.5 224.4
933.5 471.5
933.5 471.5
933.2 478.0
933.2 478.0
885.9 418.9
885.9 418.9
1501.0 695.8
543.0 577.7
791.8 866.1
796.8 864.7
796.8 864.7
797.9 406.4
553.3 604.7
627.4 644.2
1019.2 561.3
1404.0 214.0
1000.1 244.5
1000.1 244.5
1364.4 480.7
1114.6 532.5
1114.6 532.5
982.8 616.3
973.4 388.1
1383.0 544.3
784.5 408.9
957.3 380.6
982.6 269.9
511.6 833.7
511.6 833.7
1043.3 315.6
1043.3 315.6
980.5 303.0
909.6 524.6
1012.0 433.0
1004.7 440.6
1285.2 786.0
887.1 521.7
1197.3 776.8
933.2 492.6
1390.4 249.2
1119.3 624.1
1001.2 808.0
856.7 814.7
856.7 814.7
1057.4 284.0
1057.4 284.0
1043.9 385.7
955.5 844.0
1031.4 261.4
1031.4 261.4
1061.0 449.2
1061.0 449.2
1061.2 451.5
1061.2 451.5
833.5 475.5
1250.5 582.5
1614.7 731.6
838.5 640.8
768.6 674.6
1035.2 452.5
1035.2 452.5
967.8 372.4
844.4 427.9
988.7 415.0
988.7 415.0
886.8 498.7
886.8 498.7
854.5 727.3
1241.9 647.7
1005.6 418.0
903.7 498.6
743.5 517.5
884.1 534.8
761.2 457.4
761.2 457.4
834.3 530.4
848.0 525.8
848.0 525.8
863.1 458.2
776.8 484.4
445.9 788.8
445.9 788.8
446.5 789.0
838.3 844.6
1237.4 858.2
1237.4 858.2
839.8 722.5
832.9 723.6
940.7 656.7
871.2 427.9
1409.6 874.8
1011.8 889.6
1370.6 897.5
989.3 306.6
797.0 822.9
626.9 603.0
869.3 892.6
926.2 751.5
821.2 799.1
820.5 871.3
548.3 501.2
1157.9 679.3
826.7 685.0
810.6 768.2
810.6 768.2
976.5 663.0
1117.8 708.9
1117.8 708.9
916.1 712.7
916.1 712.7
925.2 537.2
777.9 701.0
929.8 816.8
1067.7 292.1
855.2 483.8
1056.2 700.6
954.9 719.5
954.9 719.5
1006.9 264.6
1056.3 362.6
1268.1 856.8
1093.1 401.5
948.0 424.5
948.0 424.5
852.7 434.7
724.6 505.7
759.3 578.4
641.3 687.8
1074.4 352.2
664.8 635.4
900.6 691.9
1084.2 837.9
788.9 526.6
594.2 499.3
578.1 739.1
1033.8 242.4
1064.6 398.3
608.4 532.4
595.9 524.7
1475.8 834.7
1475.8 834.7
1392.7 816.9
1392.7 816.9
991.9 385.6
700.9 473.1
609.9 562.8
745.6 601.0
745.6 601.0
726.5 487.3
1076.9 720.3
717.3 696.5
709.2 696.8
726.4 736.6
726.4 736.6
1501.4 776.3
680.9 651.9
1094.3 773.0
1220.2 479.5
900.3 614.9
900.3 614.9
251.8 770.5
251.8 770.5
1201.9 388.4
679.7 369.3
866.7 583.5
1164.3 756.7
692.9 725.4
692.9 725.4
667.1 795.4
1433.5 262.9
1433.5 262.9
1433.5 262.9
973.5 340.3
1293.3 449.1
1293.3 449.1
1533.1 551.5
718.7 279.8
718.7 279.8
718.7 279.8
1077.5 391.1
724.2 391.8
1242.5 542.2
705.1 441.0
705.1 441.0
1530.5 832.5
1178.5 542.5
1487.4 704.6
1138.7 729.2
685.1 275.7
953.9 371.1
1545.1 779.0
1545.1 779.0
1335.3 768.2
754.1 726.2
867.4 284.4
679.1 325.2
754.7 420.1
1232.6 350.9
487.4 640.3
487.4 640.3
487.4 640.3
487.4 640.3
487.4 640.3
872.6 772.8
351.4 726.5
351.4 726.5
706.3 403.2
706.3 403.2
1488.9 396.1
1283.2 472.1
1283.2 472.1
626.1 471.4
626.1 471.4
626.1 471.4
512.0 617.8
925.6 198.2
413.7 643.0
535.5 423.0
535.5 423.0
1327.0 409.7
1327.0 409.7
438.0 275.6
575.4 438.5
1311.2 758.3
739.8 405.4
739.8 405.4
277.2 405.3
277.2 405.3
1557.3 788.0
1148.0 531.4
656.8 337.5
708.4 421.3
708.4 421.3
215.0 524.7
795.6 286.2
459.4 637.0
288.6 748.8
649.0 505.1
188.0 617.3
877.4 295.5
754.9 304.4
850.2 141.1
1008.1 278.9
712.7 300.4
579.1 700.5
1473.6 333.7
498.5 424.3
199.2 457.4
199.2 457.4
223.8 480.8
316.7 677.1
329.8 121.0
329.8 121.0
840.5 243.0
840.5 243.0
821.5 360.8
821.5 360.8
686.1 330.9
320.6 616.9
752.3 394.7
752.8 295.6
591.5 378.1
1204.7 716.3
843.7 268.9
762.6 249.1
771.0 394.9
647.3 386.0
647.3 386.0
698.7 412.1
698.7 412.1
706.0 679.3
1416.7 443.8
757.4 250.3
757.4 250.3
833.8 344.5
833.8 344.5
135.0 268.5
205.4 187.9
144.2 285.3
645.2 490.1
645.2 490.1
284.0 676.9
284.0 676.9
663.3 375.2
725.5 370.0
269.8 483.2
274.1 519.9
274.1 519.9
666.8 265.6
664.0 515.0
876.1 322.6
876.1 322.6
808.3 309.5
441.6 570.0
733.1 307.8
826.4 374.4
826.4 374.4
714.0 454.1
714.0 454.1
758.2 353.3
758.2 353.3
790.2 571.2
1021.5 212.1
674.5 417.4
762.9 382.2